testlist <- list(ciR = structure(c(-2.61323278885471e+260, 0, 1.39064994160909e-309,  1.48333165273438e-264, 1.34175890991503e-309, 0, 4.48309429224727e-120,  1.48219693752374e-323, 7.07215042866355e-304, 1.26772205253276e-317,  5.24124574185599e-312, 1.55737421110899e-207, 0, 2.48106391936775e-265,  5.2413364033022e-312, 3.11172425063734e-319, 5.59610806385735e-275,  9.50072915118456e-274, 2.7744800222921e+180, 0), .Dim = c(2L,  10L)), uR = c(NaN, NaN, -5.486124068794e+303, 1.15172193140306e+164,  5.67154552546984e-310, -2.46426732388685e+260, 1.62597454274879e-260,  2.97079395562382e-313, 0, -5.83833020364996e+303, 0, -5.48612406879456e+303,  1.38528137838631e-309, 1.19489582989254e-310, 5.8759729744864e+197,  3.38050436109096e-317, -1.72722547501472e-77, NaN, 1.04809809501809e-303,  6.13625605733105e-275, 8.2567850539816e-317, 1.38523885234213e-309,  0, 7.06418868692626e-304, -8.60019595842878e+303, 4.44386354468937e+291,  -7.88630335698562e+303, 3.97142762871115e-275, NaN, 1.38538830384256e-309,  0, 0, 1.9950163898727e+161, 1.48539705367569e-313, -4.62784019012477e+40,  1.89414556343874e-124, NA, 2.53536804047359e-306, NaN, -5.48663378544308e+303,  -1.4827931222259e+193, -5.48612408915154e+303, 4.44172425930283e+291,  7.12339401583097e-318, 1.62597379865624e-260, NaN, -6.17328128290778e+303,  9.88745739148879e-203, 1.46513989003708e+238, -Inf, NaN, 1.1848073281746e-303,  1.16046638889626e-315, 0, 7.06418868692626e-304, -8.22752278660603e+62,  NaN, -5.83838250297002e+303, -6.81189671503908e+226, 3.22526053605166e-319,  5.77662200276745e-275, 7.12213414843407e-318, NaN, 8.98370147213338e-315,  0, 5.77662751178349e-275, 0, 2.875, 1.75738820426684e+159, 6.51273067810056e-265,  2.84819843209342e-306, NaN, 3.05947445006335e-308, -7.8804012392789e+115,  1.27733779801715e+294, -1.93903725899684e+193, NaN, 2.53536804049121e-306,  -5.82767281157343e+303, 9.36532650906049e-280, 2.83743156749276e-304,  8.28765427553376e-317, -5.31401036274599e+303, NaN, 1.19510720705595e-310,  -6.17328128282826e+303, 0), vR = structure(c(1.27659266784345e-309,  5.23959349202774e-304, 6.39817378934183e-308, 1.21168155526747e+214,  1.33647555452288e-309, 5.01353632292291e-304, 2.96201832462563e-304,  1.75738820117245e+159, 1.1125369292536e-308, 5.22208995194928e-312,  1.40696808924161e-309, 1.55737421110899e-207, 0, 1.33647555452414e-309,  3.54191254979316e-304, 4.24665360708151e-193, 4.24154209937796e-304,  2.71615461243555e-312, 0, 0, 0, 1.39067109195197e-309, 3.14077135808764e-317,  4.46447696952276e-313, 11.0009765625, 3.13116215539346e-294,  5.43090008830103e-312, 0, 8.38618282289e-317, 4.98669010750852e-312,  0, 3.11172425063734e-319, 4.62898754777597e-299, 2.53035291680434e-207,  1.71304224048083e+306, 8.05695378066771e-317, 1.33649660870108e-309,  2.11373912399298e-314, 3.2257546016975e-319, 7.06950466324916e-304,  5.87747175411023e-39, 1.21875542746217e-125, 9.32834636177542e-274,  5.22060763611486e-312, 4.24154209423212e-304, 1.29881187025793e-309,  2.00633606206088e-197, 7.14412365527223e-310), .Dim = c(8L, 6L )))
result <- do.call(mmsample:::ruler,testlist)
str(result)