testlist <- list(ciR = structure(c(-1.07567531393806e-204, 1.10244312626899e-314,  4.94065645841247e-324, 4.94065645841247e-324, 4.94065645841247e-324,  4.94065645841247e-324, 3.53206501639378e-304, 3.02610044756979e-306,  1.09732646342397e-309, 4.94065645841247e-324, 4.94065645841247e-324,  -1.07567531393806e-204, 1.6189543082926e-319, 8.28904556439245e-317,  4.94065645841247e-324, 4.94065645841247e-324, 4.94065645841247e-324,  8.28904605845809e-317, 3.19854366374843e-308, 1.68324348849553e+212,  0, 1.19510802947164e-310, 1.24430432905118e-319, 1.1446055721926e+214,  1.31012348788904e-304, 7.56525114534583e-307, 11.0009765625002,  2.71615461243555e-312, 1.75738820099349e+159, 1.57516846076117e-260,  4.94065645841247e-324, 5.4323092248711e-312, 1.25986739689518e-321,  7.29112200646135e-304, 5.07588361788982e-116, 1.6189543082926e-319 ), .Dim = c(6L, 6L)), uR = c(4.44172304182631e+291, 2.06078431372549,  7.92016468627514e-304, -2.46006311446272e+260, 7.29112200597562e-304,  5.77659445768726e-275, NaN, -1.91372483638592e+304, -1.48258521897344e+193,  5.43222989599142e-312, 7.2911220190259e-304, 3.09835888752088e+227,  4.15052478452245e+180, 1.57694993322969e-260, NaN, NaN, 4.44172196852992e+291,  NaN, 4.44172304182631e+291, -3.636568022968e+255, -5.49014725374861e+303,  NaN, 4.66839074042004e-313, -6.50137847410268e+303, 4.66839074007419e-313,  7.06416447243359e-304, NaN, 4.66839074116114e-313, 6.28309691231124e-314,  1.26916378721501e+161, -5.33590897508546e-322, 0, 7.12339895648743e-318,  1.26531950471527e+161, NaN, 5.31169975843924e-320, 6.13625056986613e-275,  1.75738903898525e+159, 1.06099789548264e-314, -1.55737421110903e-207,  -2.07786408407114e-310, NA, NaN, 3.87069807020594e+233, 2.14899131997207e+233,  -2.7047384698486e-11, -2.08849643609004e+307, 5.41125538431662e-312,  4.66756183551775e-313, 5.97956162037055e+199, 1.3204892516399e-319,  -1.12355818836127e+307, NaN, 6.42285339593621e-323, 1.26296983152092e-306,  -2.46006311446272e+260, 0, 1.08694442085074e-322, 1.99501531724813e+161,  2.1800743985432e-106, 1.75738820099344e+159, 1.89414735971068e-124,  5.26933994974392e-310, 7.56525111897629e-307, 0), vR = structure(c(6.69044111496943e-198,  1.68324348849553e+212, 7.46014145261229e-316, 7.2911220195564e-304,  7.06370725512519e-304, 1.27718188974159e+294, 3.56011817366151e-307,  1.06584562183993e-255, 0, 5.22060763485499e-312, 4.45619116211402e-313,  3.111526624379e-319, 3.111526624379e-319, 1.94906280230604e+289,  1.01283457397456e-321, 4.77830972673648e-299, 1.69931920015624e-314,  5.43230890487466e-312, 1.35803494919116e-309, 7.06370557808591e-304,  5.36856677443794e-312, 7.2902354666907e-304, 8.65820101525988e-304,  7.02130918395596e-317, 1.21018568604955e-120, 3.07594210200036e-304,  1.17798028779647e-309, 2.12199579096527e-313, 5.2413364033022e-312,  3.11172425063734e-319, 5.59610806385735e-275, 7.99800927879062e-317,  7.06416447293839e-304, 5.01264986459263e-304, 5.22010964577951e-312,  4.94065645841247e-324, 2.53035291680434e-207, 5.79678929057165e+305,  5.22011353004951e-312, 2.77612284215548e-309, 4.1410356681522e+204,  1.3906510510398e-309, 1.11699648973527e+164, 7.07215041513603e-304,  5.65404750414266e-263), .Dim = c(5L, 9L)))
result <- do.call(mmsample:::ruler,testlist)
str(result)