testlist <- list(ciR = structure(0, .Dim = c(1L, 1L)), uR = c(-3.12961541724715e+264,  9.04479485941037e-309, 0, 1.48539704102761e-313, 1.08694442085074e-322,  9.73469804903727e-309, NaN, 1.02051714838974e-202, 2.99902749087381e-241,  1.44498110932506e-309, -7.87291472319689e+303, 4.44172196852992e+291,  4.44172304180766e+291, 4.40488309011027e+291, NaN, 1.19510720705595e-310,  NaN, NaN, 2.99939362779126e-241, 1.62595663873277e-260, 4.78476056834443e-304,  -9.25650035456978e+303, 1.67845433199893e-313, 5.4323092248711e-312,  9.73041595134142e-72, 9.73041595136674e-72, 1.62595663869728e-260,  4.78476056834443e-304, -6.51343832017294e+303, 1.17038023809451e+214,  1.62577606047458e-260, 1.02064076298502e-202, 0, NaN, -7.87291472327672e+303,  1.74665234185939e-262, -1.40449899325961e+306, 2.78208365173206e-320,  0, 5.24049381574843e-304, NaN, 2.85228542094358e+180, 2.77448001762435e+180,  4.78476056834443e-304, 2.11416004717248e-314, 0, 0, -2.06427750545102e-310,  0, 1.08852018089146e-309, -2.07786408084544e-310, 7.07135773257187e-304,  2.84844220826489e-306, 4.66838752756055e-313, 1.30373299401115e-309,  1.25986739689518e-321, -6.17322896315188e+303, 4.66839074007419e-313,  0, 4.172013484701e-309, -5.48745824357329e+303, NaN, 4.78394356256952e-304,  -5.48612406879586e+303, 1.35992112490014e-317, 3.14077135808764e-317,  6.18851639342986e-308, NaN, 1.03753785626662e-322, 6.13625056986613e-275,  1.75738903898525e+159, 1.06099789548264e-314, 4.79243676466009e-322,  0, 0, 0, 0, 0, 0, 0, 0, 0, 0, 0, 0, 0, 0), vR = structure(c(8.22941296183725e-121,  7.99763378889978e-317, 7.29289536974172e-304, 7.25018066050701e-304,  5.69704780348078e-304, 1.55737421691067e-207, 2.92041188488308e-308,  2.113608212901e-314, 1.4290694416688e-101, 1.2765926678441e-309,  7.29023545313592e-304, 4.44172426404392e+291, 1.19510802947164e-310,  5.01442644753183e-304, 5.01488536901515e-304, 3.07594210198751e-304,  1.38523885234213e-309, 4.94065645841247e-324, 6.1251883131841e-261,  8.18892594645706e-227, 7.93288105129018e-317, 5.43239180292903e-312,  7.06238505161742e-304, 5.24049059715889e-304, 3.07594210200036e-304,  1.34178029791923e-309, 4.94065645841247e-324, 1.33685503385104e-309,  1.29834230327378e-309, 3.13992288763308e-294, NA, 1.38521771527468e-309,  2.12199568474116e-314, 2.92041188488308e-308, 6.81225123470598e-318,  1.00831723212066e-308, 1.40696801315076e-309, 8.28689588476739e-317,  7.06327445644526e-304, 1.27468936627042e-321, 7.6090852489752e-317,  0, 2.92041188488308e-308, 9.91407691193732e-280, 2.92583962675455e-308,  2.93465295407831e-306, NA, 5.77591950638423e-275, 7.06416448598866e-304,  2.12196606797602e-314, 1.06718179501709e-321, 4.4602879925522e-120,  1.04512976229944e-197, 5.01264638844522e-304, 1.22437392301599e+164,  7.2911289728065e-304, 7.06330914120916e-304, 7.6090852489752e-317,  3.11172425063734e-319, 1.32389835036151e-303, 2.79056694324218e-265,  1.38542983228584e-309, 8.34402698591762e-308, 5.23959349202774e-304,  1.21540148876947e-321, 1.35264499699291e-309, 1.22034214522788e-321,  1.37014839389992e-193, 5.0331970445323e-304, 2.03084773011839e-314 ), .Dim = c(10L, 7L)))
result <- do.call(mmsample:::ruler,testlist)
str(result)