testlist <- list(ciR = structure(c(5.7766272966713e-275, 7.29112201135753e-304,  3.65056328336599e+185, 8.26663340871085e+170, 1.71034430002272e+219,  1.34365664577188e+219, 5.13442558107319e+252), .Dim = c(7L, 1L )), uR = c(3.0458697450054e+289, 3.77046541424512e+214, 2.48104025836154e-265,  1.37938283415778e+160, 3.33109727617227e+257, 1.80107573866851e-226,  1.80107573659442e-226, 1.80107573659442e-226, 1.80107573659442e-226,  1.80107573659442e-226, 1.80107573659442e-226, 1.80107573659442e-226,  1.80107573659442e-226, 1.80107573659442e-226, 1.80107573659442e-226,  1.71070651381977e+214, 7.25330269873765e-225, 1.80107573659442e-226,  1.80107573659442e-226, 1.80107573659442e-226, 1.80107573659442e-226,  1.80129634593978e-226, 1.80107573659442e-226, 1.80107573659442e-226,  1.80107573659442e-226, 1.80107573659442e-226, 1.80107573659442e-226,  1.80107573659442e-226, 1.80107573659442e-226, 1.37078513438654e-319,  6.32404026676796e-322, 1.82359013286078e-315, 1.15172193140306e+164,  -5.48612407657135e+303, 1.35992112490014e-317, 5.36000139600995e-222,  1.80107573659442e-226, 1.80107573659442e-226, 1.99721893816136e+161,  1.83587309546961e-226, 1.80107573659442e-226, 1.80107573659442e-226,  1.80107573728241e-226, 1.80107573659442e-226, -8.70517784584353e+303,  1.96827478108638e+161, 6.19976702466423e+223, 1.39067116137648e-309,  2.77448002226191e+180, 2.77448001762435e+180, 2.77448001762435e+180,  2.77448001762435e+180, 8.15346396796686e+141, 2.7744796930032e+180,  2.77448001762436e+180, 9.73469808090967e-309, 7.12339895648743e-318,  NaN, NaN, NaN, NaN, 5.43230922486616e-312, NaN, NaN, -5.26667910604194e+306,  NaN, 7.2911220195564e-304, 1.44498202617761e-309, 2.1965972054914e-314,  5.01264638881637e-304, NaN, 5.7963663153288e-275, 4.66839075272227e-313,  -6.50137847410268e+303, NaN, 5.77662201323205e-275, 1.11199573743644e-308,  NaN, 4.06163267239825e-315, NaN, 1.12414725735002e+79, 2.15947800541204e+164,  5.64445745829913e-312, NaN, 4.44172303761517e+291, 4.44172304180766e+291,  -1.25019338379274e+306, 2.13343800992359e-314, 0, 6.48808587128792e-317,  3.6337542818058e+228, 1.18480732817789e-303, 5.62328884605797e-312,  -2.46006317861387e+260, NaN, 1.94693953501429e-308), vR = structure(c(5.23871735551344e-304,  7.29289536974172e-304, 7.25018066050701e-304, 1.34175890991503e-309,  1.34175890991503e-309, 0, 2.48104262446436e-265, 1.3852176472786e-309,  7.29023200290392e-304, 1.40882542728935e-315, 1.06871957152765e-255,  4.63483678629941e-299, 1.35807730616581e-309, 1.39067116124321e-309,  5.77716399525923e-275, 8.29239112379045e+165, 3.07594210200036e-304,  1.17798027807136e-309, 5.23959349202774e-304, 1.06718179501709e-321,  4.46028799255204e-120, 1.6325082541411e-308, 2.12199566744886e-314,  4.6683907401236e-313, 2.03920246714512e-314, 5.92403663870997e-304,  7.29112200645328e-304, 1.27659266784471e-309), .Dim = c(7L, 4L )))
result <- do.call(mmsample:::ruler,testlist)
str(result)