testlist <- list(ciR = structure(c(2.01105271976386e-314, NaN, 0, 3.93873918797131e-311,  0, 2.05833591723631e-312, 1.14290610420099e-310, 1.21904062948577e-125,  7.32823854590315e+223, 7.73872362785313e-317, 1.92305050251101e-197,  2.55496167433884e-319, 4.94065645841247e-324, 4.94065645841247e-324,  4.94065645841247e-324, 4.94065645841247e-324, 4.94065645841247e-324,  4.94065645841247e-324, 4.94065645841247e-324, 4.94065645841247e-324,  1.18575755001899e-322, 4.94065645841247e-324, 5.00626668449132e-304,  NaN, 2.63792243370971e-265, 1.27659266784471e-309, 4.60148546121132e-312,  4.94065645841247e-324, 1.08857587462512e-311, 5.24049395155616e-304,  1.94792582373765e-314, 4.94065645841247e-324, 2.12196379132152e-314,  -Inf, 1.80107573659442e-226, 1.80107573659442e-226, 1.80107573659442e-226,  1.80107573659442e-226, 7.04220613008419e-224, 1.80107573659442e-226 ), .Dim = c(4L, 10L)), uR = c(-1.25019338379274e+306, 6.95338751352471e-310,  2.91371758356372e-241, -5.48612406879369e+303, 2.1137068629885e-314,  0, 1.02064076298502e-202, 0, 0, 5.41117441130998e-312, 6.1363006028901e-275,  6.76248228692147e-310, -7.88630860907837e+303, -7.87290949131452e+303,  7.2911220190261e-304, 1.25986739689518e-321, 1.76541812947213e+209,  7.76877769679852e+281, 1.80107573660252e-226, 1.80107573659442e-226,  1.80107573659442e-226, 1.80107573659442e-226, -4.01653310850481e-183,  1.80107573659442e-226, 1.80107573659442e-226, 1.80107573659442e-226,  1.80107573659442e-226, 1.80107573659442e-226, 1.80107573659442e-226,  1.80107573659442e-226, 1.80107573659442e-226, 1.80107573659442e-226,  9.70158285081314e+189, 6.86702135112065e+180, 3.0318104663122e+180,  1.83905102603129e-226, 1.80107573659442e-226, 1.80107573659442e-226,  1.80107573659442e-226, 9.9934328476974e+194, 9.6055594248658e+281,  1.80107573659445e-226, 1.80107573659442e-226, 1.18480667919804e-303,  1.82358887793404e-315, -1.00252001940719e+120, NaN, 3.9721327594361e-275,  NaN, NaN, 5.41166951788791e-312, 1.08694442085074e-322, 9.67140652842737e+25,  6.19976595872092e+223, 2.6837394468297e+199, -2.70494423930953e-11,  -2.70494424244937e-11, -2.70494424244937e-11, 4.02629945463935e-312,  NaN, NaN, -4.71591527795932e+304, -1.02064076299239e-202, -1.07567531393806e-204,  -1.36914855164787e-206, 1.89192557761989e-319, -1.61221927499706e+265,  -1.61222696269429e+265, 1.65807482138282e-316, 7.74507899589654e-304,  -3.0516711709425e+304, NaN, 2.64159480503515e-312, 8.44151594153884e-227,  NaN, NaN, NaN, 2.12199579047121e-314, NaN, NaN, NaN, NaN, 1.390671161567e-309,  5.6444610397563e-312, 8.58045783395076e-317, NaN, 3.66763757202244e-270,  NaN, 1.59449974165363e-260, NaN, NaN, 9.73469813112645e-309,  -5.496833942529e+303, 1.02051714838974e-202, 1.58657522212674e-317,  NaN, 1.65928686795955e-114), vR = structure(c(3.66746177772299e-270,  5.51004672689663e-310, 2.29691280661499e+161, 1.39137526939423e+93,  1.41050742845864e+248, 0, 6.01003901944239e-316, 1.78299032080918e+304,  1.74393631608473e-315, 5.24049056994367e-304, 4.94065645841247e-324,  5.03390976408615e-304, 3.1315130624931e-294, 0, 0, 1.32070812260755e-260,  1.92305172641429e-197, 1.52976373367568e-308, 8.02606220946506e+165,  2.84809453888922e-306, 0, 0, 0, 4.56229095057534e-312), .Dim = c(8L,  3L)))
result <- do.call(mmsample:::ruler,testlist)
str(result)