testlist <- list(ciR = structure(c(2.0000000000291, 4.1410356681522e+204,  4.1410356681522e+204, 4.14103566815214e+204, 3.32653112500637e-111,  1.75738901558171e+159, 7.29112202061739e-304, 8.81442638580097e-280,  7.96563414514994e-317, 1.94792582373765e-314, 2.49243038403411e-306,  4.44172304182631e+291, 1.55737433874576e-207, 7.60515002447901e-311,  8.02675107914645e+165, 7.29112201955619e-304, 1.55737421113166e-207,  5.92403662783868e-304, 1.94792582373765e-314, 2.42092166462211e-322,  9.73041595136674e-72, 9.73041595136664e-72, 1.02064076372301e-202,  9.73041598510177e-72, 9.73152137445938e-72, 0, 0, 0, 0, 0, 0,  0, 0, 0, 0, 0, 0, 0, 0, 0, 0, 0, 0, 0, 0, 0, 0, 0, 0, 0, 0, 0,  0, 0, 0, 0, 0, 0, 0, 0), .Dim = c(6L, 10L)), uR = c(8.4415159572012e-227,  9.07657701637591e+223, 9.07657701637591e+223, 1.82359013286078e-315,  2.15947752301311e+164, 3.1544792094315e-317, 6.18851639342986e-308,  3.05947546532408e-308, NaN, -3.93610098314058e+261, 1.38530251189333e-309,  1.19489582989254e-310, 5.8759729744864e+197, 3.38050436109096e-317,  -1.72722547501472e-77, NaN, 1.77023720904919e-320, 0, 5.41117441130998e-312,  9.07657701637591e+223, 1.80107573659442e-226, 1.80107573659442e-226,  -2.46006311446272e+260, 8.25679641749145e-317, 1.99501537590722e+161,  3.36434001535597e-319, 1.57516361151338e-260, 1.84680617539098e-226,  NaN, NA, 1.17039462127013e+214, 6.51273067810067e-265, 4.30926051864248e+214,  -5.48612409002924e+303, 5.37559844188348e-299, 7.12339401583097e-318,  NaN, 7.2911220190261e-304, 7.06861811038357e-304, NaN, 5.88755860001519e-310,  2.71615461243555e-312, 0, 8.26476520229323e-317, 0, 0, 2.84819775276449e-306,  0, 4.25203195660725e-312, 1.04752320483572e+152, 7.78192680300121e-316,  2.12199578602462e-314, 0, 1.22679646128848e+164, 4.88989061022648e-311,  0, 1.390671161567e-309, 8.85365637347514e-321, 0, NaN, 4.66839074042004e-313,  0), vR = structure(c(2.77448001762435e+180, 2.63610527447055e-265,  2.26653603160964e-318, 5.01353303642898e-304, 8.39563705668509e-310,  3.88315075419958e+281, 1.19462998795498e+190, 1.44937388767884e+219,  4.50413679193833e+251, 4.92346227811754e-299, 1.91062511647459e-313,  3.80261648852405e-311, NaN, 6.86087167540428e+246, 2.15965913760338e+233,  3.10230970826716e-80, 2.54704613164992e+179, 5.04547058212389e+180,  7.29026671604972e-304, 1.41536165887115e-304, 3.07689389690459e-312,  4.94065645841247e-324, 1.34721268776804e-309, 1.35172722150863e-309,  5.22035831715138e-312, 8.81442701251243e-280, 5.17774970509751e-312,  7.91832028099761e+165, 1.35807722363858e-309, 2.00635009088952e-197,  9.9140776343358e-280, 7.96563414514994e-317, 1.35807730616581e-309,  0, 1.1164347681815e-260, 1.27659266784471e-309, 3.23790861658519e-319,  2.67227007516795e-310, 9.73041595136674e-72, 1.31510879793254e-309,  2.00633484108041e-197, 1.5771430134154e-260, 1.33634632861862e-309,  2.49243038403419e-306, 6.60668931394164e-304, 1.38543878413306e-309,  2.71615461243555e-312, NaN, 0, 0, 1.39067109195197e-309, 3.14077135808764e-317,  -Inf, 11.0009765625, 3.13116215539346e-294, 5.43090008830103e-312,  0, 2.61451183992998e-310, 1.35807722363858e-309, 2.00635009088952e-197,  9.9140776343358e-280, 7.96563414514994e-317, 1.35807730616581e-309,  0, 1.1164347681815e-260, 1.27659266784471e-309, 3.23790861658519e-319,  2.67227007516795e-310, 9.73041595136666e-72, 3.66746351317323e-270,  1.06483109853785e+20, 7.28133153166067e-304, 1.32070811655028e-260,  1.63431083896325e-260, 7.29023546669069e-304, 7.29025287729501e-304,  5.23247325563203e-304, 7.7601929309991e-121, 2.29421429395569e+203,  4.1410356681522e+204, 4.14103566815215e+204, 4.1410370658497e+204,  4.94065645841247e-324, 4.94065645841247e-324, 4.94065645841247e-324,  4.94065645841247e-324, 4.94065645841247e-324, 4.94065645841247e-324,  4.94065645841247e-324, 2.25813638367479e-312, 4.1410356681522e+204,  4.1410356681522e+204, 4.1410356681522e+204, 4.1410356681522e+204,  NaN, 4.1410356681522e+204, 4.1410356681522e+204, 4.1410356681522e+204,  2.32745262166798e+207, 4.23263517690399e+204), .Dim = c(10L,  10L)))
result <- do.call(mmsample:::ruler,testlist)
str(result)