testlist <- list(ciR = structure(c(7.12339401583097e-318, 5.24049395033104e-304,  1.52976373370782e-308, 9.91416120834831e-280, 2.87284835528339e-188,  0, 4.94065645841247e-324, 3.00526063611487e-298, 9.48968865440523e+170,  1.94792582373765e-314, 0, 3.11172425063734e-319, 4.62898755667626e-299,  7.29112173382987e-304, 9.3283504082017e-274, 7.28133173532128e-304,  1.27659266784471e-309, 0, 2.04739437149849e-314, 1.22034214522788e-321,  4.94065645841247e-324, 2.92041368328228e-308, 1.33647596897519e-309,  5.01353631951974e-304, 5.41183528111165e-312, 2.93743561203884e-306,  1.32070812260755e-260, 1.9230517756645e-197, 2.63010268946285e-265,  5.22193679761185e-312, 2.225615042066e-308, 5.42915922547345e-312,  0, 0, 1.39065085309427e-309, 5.69618907783636e-305, 5.77096128223171e+228,  4.98669010876839e-312, 0, 7.96601457569723e-317, 7.29112201955638e-304,  1.5751684607612e-260, 1.71304170998711e+306, 1.11220807932162e-308,  5.01887658171925e-304, 5.41117215711077e-312, 3.23785921002061e-319,  1.55737421110961e-207, 5.557877215386e+250, 3.0594765554474e-308,  2.72708289075816e-309, 1.17570999667719e+26, 3.38510648648942e+223,  5.13461139732467e+199, 5.87500742936059e+228, 3.90091222159527e-274,  6.7591923932109e-310, 1.91062511647459e-313, 3.80261648852405e-311,  5.69529904823516e-304, 6.86087167540428e+246, 2.15965913760338e+233,  3.10230970826716e-80, 2.54704613164992e+179, 5.04547058212389e+180,  7.25455432136299e-304, 2.03943002785281e-314, 3.1315130624931e-294,  0, 1.39067116162922e-309, 9.73041595136674e-72, 9.73042292791162e-72,  6.69044111496943e-198, 1.06871957152765e-255, 4.63073741702725e-299,  1.5573742111097e-207, 7.2911220195564e-304, 0, 0, 0), .Dim = c(10L,  8L)), uR = c(2.83743156775551e-304, -2.60781329094213e+260, 3.0589333493598e-308,  1.26531950471764e+161, 2.2048676583774e-314, NaN, 2.07507571253324e-322,  NaN, 1.94906280287562e+289, 7.29111855645906e-304, -6.09975092247987e+250,  -7.34261548686633e+211, NA, 1.04631873122443e-303, 1.25986739689518e-321,  9.73041595136674e-72, 4.03108470626386e-265, 2.36002511004182e-308,  1.32507710544641e-105, 1.00084491914322e+65, 3.23161097932102e-115,  NaN, NaN, -9.2577135409504e+303, -9.25783435044196e+303, Inf,  4.44416773955511e+291, 7.06418868692626e-304, 7.2910417309279e-304,  -2.24618070919558e+197, 9.73469804840107e-309, NaN, -2.24617933910566e+197,  4.13572577701601e-275, 1.82391266385504e-315, NaN, 3.08174902327026e-308,  -Inf, NaN, 2.78208365173206e-320, 2.12199579096527e-314, 9.73041595136664e-72,  -4.71591527795912e+304, -1.48279312222574e+193, -2.60721034346268e+260,  NaN, 1.74071358022413e-315, NaN, 7.06418882268094e-304, 2.36033631113578e-308,  2.87548644837818, NaN, 2.53536804049121e-306, -5.82767281157343e+303,  9.36532650906049e-280, 2.83743156749276e-304, -3.10503612098106e+231,  NaN, 2.71616691774816e-312, 0, 0, 3.17342061647072e-115, 9.07652344884246e+223,  NaN, 2.78208365173206e-320, 0, 7.06418868692626e-304, -8.60019595842878e+303,  4.44386354468937e+291, -7.88630335698562e+303, 3.97142762871115e-275,  NaN, 3.22526053605166e-319, 1.19510720056704e-310, 0, -2.46006311446272e+260,  7.99763378889978e-317, 2.78178802222645e-309, 1.26492172972363e-279,  6.13630563855947e-275, 0), vR = structure(c(1.1846970641985e-303,  NaN, 3.13151160428962e-294, 1.1846970641985e-303), .Dim = c(1L,  4L)))
result <- do.call(mmsample:::ruler,testlist)
str(result)