testlist <- list(ciR = structure(c(1.96827478511265e+161, 0, 2.52997720036909e-306,  4.89120029817495e-311, 9.73469821062282e-309, 6.13766087788967e-275,  2.36766170627399e-80, 1.36510084455415e+161), .Dim = c(2L, 4L )), uR = c(2.05226742205136e-289, 7.06418882273378e-304, 3.53475406319953e-304,  8.96567951603978e+223, 2.12199579047121e-314, -7.88630314451688e+303,  3.09829366178658e+227, 5.17222103693796e+160, 5.41949531084781e-312,  2.12199579096527e-314, 5.41415624056404e-312, 0, 0, NaN, 3.23785921002061e-319,  1.99501537590723e+161, 3.36434001535597e-319, 1.57516361151338e-260,  7.29112001476834e-304, 5.07540693735142e-116, -4.99022486269105e+304,  NaN, NaN, NaN, NaN, NaN, 1.04631939668231e-303, 9.73220194595166e-72,  5.37559844253916e-299, 1.19510802947159e-310, 0, -2.46006311446272e+260,  5.06528375020629e-299, 1.19510802947159e-310, -1.48258521898667e+193,  NaN, -5.82900682309329e+303, 5.43231149140219e-312, 2.00995448442365e-310,  1.59679702986717e-260, 4.94065645841247e-324, 9.12454952241035e-313,  0, 1.6259745436834e-260, -2.56846002535934e+207, 2.98390946805821e-319,  -2.46006311446272e+260, 8.25679641749145e-317, 2.15947857847575e+164,  1.37078513438654e-319, 1.89414556343874e-124, 1.6189543082926e-319,  7.56525111892448e-307, -8.60019595842878e+303, 3.05947445006335e-308,  -7.8804012392789e+115), vR = structure(c(5.01446121431076e-304,  1.27733720329546e+294, 1.02064076299239e-202, 7.1740709185344e-304,  1.55737421691067e-207, 2.11950907719714e-313, 1.27659264712209e-309,  1.3906602200262e-309, 2.58108439206082e-306, 1.92305172641429e-197,  1.52976373370782e-308, 9.91416937882258e-280, 3.42470210781754e-193,  7.06327446891199e-304, 1.390671161567e-309, 2.07226497307404e-317,  1.01151962968694e-261, 4.94065645841247e-324, 4.94065645841247e-324,  4.94065645841247e-324, 4.94065645841247e-324, 4.94065645841247e-324,  4.94065645841247e-324, 4.94065645841247e-324, 4.94065645841247e-324,  4.94065645841247e-324, 4.94065645841247e-324, 4.94065645841247e-324,  4.94065645841247e-324, 2.11370686694103e-314, 8.65820101525988e-304,  7.02130918395596e-317, 1.21018497339041e-120, 1.66103496629332e-316,  5.4323092248711e-311, 1.34178211924536e-309, 5.01799350548048e-304,  4.46447696952276e-313, 11.0009802724235, 4.34378479972903e-311,  5.01887658166815e-304, 5.41109161463294e-312, 2.84809454290941e-306,  2.84809453890492e-306, 4.82574370610883e-317, 2.11373912399298e-314,  1.38523885234213e-309, 1.00831723215291e-308, 7.29022069078328e-304,  1.75738987042337e+159, 1.21875317755423e-125, 6.9533558078398e-310,  1.88500865857811e-319, 7.28466878927083e-304, 3.22570519513291e-319,  1.34175891023766e-309, 2.1143867057163e-314, 8.16017654453822e-315,  5.59885192822624e+199, 3.80466385174619e-311, 2.04733101004974e-314,  4.32910369911161e-304, 0), .Dim = c(7L, 9L)))
result <- do.call(mmsample:::ruler,testlist)
str(result)