testlist <- list(ciR = structure(c(NaN, 5.23960392201276e-304, 3.80466382471931e-311,  0, 2.12199579047121e-314, 5.23875213597665e-304, 3.1809290830039e-304,  0, 7.07840494621638e-304, 3.12402648521879e-319, 1.39069230154857e-309,  1.38542983196458e-309, 5.59678292866186e-275, 1.06559818671031e-255,  7.29023533125452e-304, 9.1179626700991e-316, 1.1119936983339e-308,  4.44659081257122e-323, 7.2911289728065e-304, 5.77659445808597e-275,  4.44172304180766e+291, 4.44142686069555e+291, 0, 0, 0, 0, 0,  0, 0, 0, 0, 0, 0, 0, 0, 0), .Dim = c(6L, 6L)), uR = c(-5.48609790891558e+303,  NaN, 7.06946991005081e-304, NaN, 3.23137089980971e-188, 1.7813645452218e-307,  NaN), vR = structure(c(2.77448001762435e+180, 4.77092586608351e+180,  2.77431315980621e+180, 1.80107573659443e-226, 1.80107573659442e-226,  NaN, 8.44253858392138e-227, 6.32854446635649e-261, 1.80107573661735e-226,  1.25160404330566e-308, 4.94065645841247e-324, 1.25986739689518e-321,  5.29848844306945e-317, 8.4052084185163e+136, 5.43230922486616e-312,  8.24548651624444e+136, 3.72141208494753e+139, 2.77448001762435e+180,  2.46691095078989e-308, 1.27351291770767e-313, 4.14452302922905e-317,  0, 0, 5.2693402622021e-310, 6.12641400843146e-322, 1.06987008730132e+217,  2.66482134700958e-265, 1.92664989502981e+161, 7.95139265167494e+257,  1.80107573659442e-226, 1.80107573659442e-226, 1.80107573659442e-226,  1.80107573659442e-226, 1.80107573659442e-226, 1.80107573659442e-226,  1.80107573659442e-226, 1.80107573659442e-226, 1.80107573659442e-226,  1.80112455064472e-226, 1.15707215477583e+214, 1.80107573659442e-226,  1.80107573659442e-226, 1.80107573659442e-226, 1.80107573659442e-226,  1.80107573996065e-226, 1.80107573659442e-226, 1.80107573659442e-226,  1.80107573659442e-226, 1.80107573659442e-226, 1.80107573659442e-226,  1.80107573659442e-226, 1.80107573659442e-226, 1.80107573659442e-226,  1.80107573659445e-226, 2.15965913760338e+233, 2.36766170627399e-80,  1.36510084455414e+161, 1.58457611269819e-260, 1.80107573659442e-226,  1.80107573659442e-226, 1.80107573659442e-226, 2.77448001762435e+180,  1.37955984621458e+160, 1.80107573659442e-226, 1.80107573659442e-226,  1.80112082463581e-226, 1.80107573659442e-226, 1.80120193853649e-226,  5.22010964651073e-312, 1.15172160317992e+164, 1.32070812260802e-260,  -Inf, 0, 0, 2.48649412890225e-265, 5.2413364033022e-312, 3.11172425063734e-319,  5.59610806385735e-275, 9.33059843025081e-274, 2.48104261978898e-265,  1.94906458861328e+289, 7.29029077995943e-304, 9.72928629537664e-309,  4.24665360704974e-193, 2.225615042066e-308, 5.42915922547345e-312,  0, 0, 1.27468936627042e-321, 2.02296976583709e-110, 5.77096128223171e+228,  4.98669010876839e-312, 0, 7.96601457569723e-317, 7.29112201955638e-304,  1.5751684607612e-260, 9.91408531661776e-280, 7.6090852489752e-317,  0, 1.21540148876947e-321), .Dim = c(10L, 10L)))
result <- do.call(mmsample:::ruler,testlist)
str(result)