testlist <- list(ciR = structure(c(4.94065645841247e-324, NaN, 4.94065645841247e-324,  4.94065645841247e-324, 6.54057589956774e-317, 4.94065645841247e-324,  4.94065645841247e-324, 4.94065645841247e-324), .Dim = c(4L, 2L )), uR = c(4.4417230418076e+291, 4.44172304180766e+291, 2.15933416994863e+164,  5.08861986215812e-299, 7.12339401583097e-318, -7.88630314451688e+303,  NaN, 7.08811197919858e-304, -2.24617943378453e+197, 2.1219648026739e-314,  -2.61381705911525e+260, 4.26213265127946e+180, 7.06418868692626e-304,  1.43956194459084e-309, -7.87291472319689e+303, 4.44172196852992e+291,  4.44172304180766e+291, -5.57184730154497e+303, 4.17723367367548e-309,  NaN, 7.29112201955681e-304, -1.07567531517281e-204, NaN, NaN,  NaN, NaN, NaN, NaN, NaN, NaN, NaN, 1.03753785626662e-322, 1.99501570208174e+161,  -3.18195195966651e+305, NaN, 3.16325912559188e-310, 6.1363006028901e-275,  NaN, NaN, NaN, 8.24548935197877e+136, NaN, 5.92100560966e-310,  NaN, 3.13667456575232e-319, 0, 1.39064994160909e-309, 1.1738423956803e-309,  2.29979583650805e-312, 1.06099789548264e-314, 1.80107573617508e-226,  1.80107573659442e-226, 1.80107573659442e-226, 1.80107573659442e-226,  1.80107573659442e-226, 1.80107573659442e-226, 1.80107573659442e-226,  1.80107573659442e-226, 1.80107573659442e-226, 1.80107573659442e-226,  5.26511728966438e+170, 3.33113845347543e+257, 1.99110745049936e+209,  1.02873883995609e+248, 7.28301473052195e+223, 1.80107573660396e-226,  1.80107573659442e-226, 1.80107573659442e-226, 1.80107573659442e-226,  9.70158285081333e+189, 6.86702135112065e+180, 3.0318104663122e+180,  3.64912143271708e+233, 4.31194945341374e-80, NaN, NaN, -6.80279384530417e+305,  NaN, NaN, 8.22306037096233e-227, 5.48612383280709e+303), vR = structure(c(6.11949634181729e-308,  0, 0, 2.13990652585465e-314, 1.17570425801032e+26, 3.63691705620946e+251,  1.55737421110899e-207, Inf, 1.33647555452288e-309, 1.74393631608473e-315,  9.32834636123717e-274, 2.72311959231961e+180, 3.89921986014054e-274,  7.07128472233609e-304, 7.2911220195564e-304, 1.38523885234213e-309,  -Inf, 0, Inf, 0, 2.07491400935323e-312, 0, 1.74393631608473e-315,  9.32834637892569e-274, 5.03279595924528e-304, 8.24548652727816e+136,  1.40696808924161e-309, 1.55737421112812e-207, 8.07534408976347e-315,  0, 8.28904556439245e-317, 3.32653112500637e-111, 1.75755077066479e+159,  4.94065645841247e-324, 4.94065645841247e-324, 8.77435713242207e-305,  1.38517519246841e-309, 3.07594210200036e-304, 0, 5.22060763485499e-312,  1.52973191173633e-308, NaN, 0, 5.24132959103614e-312, 3.12407589178337e-319,  1.55813464773551e-207, 5.01832380348222e-304, 9.72926598721391e-309,  1.00831934997192e-308, 5.24049393800202e-304, 4.36590068603887e+291,  7.06327770347494e-304, 7.29020766679726e-304, 6.3276489508043e-261,  3.39602215755161e-313, 1.31911948454572e-260, 1.27659266784471e-309,  5.22060732883567e-312, 8.02678622691088e+165, 7.74681711861671e-304,  2.48164360570286e-265, 1.38542983227572e-309, 3.13116215539346e-294,  2.04739425292274e-314, 4.94065645841247e-324, 2.03987888748019e-314,  1.39065135043566e-309, 7.08896248343995e-198, 4.78566319506096e-304,  7.06327432010496e-304, 3.80261964295484e-311, 4.24154008947473e-304,  3.13116215539346e-294, 1.7974552578109e-314, 2.48162467675308e-265,  1.55737421110899e-207, NaN, 6.95208261036043e-310, 3.23785921002061e-319,  5.92403664088957e-304), .Dim = c(8L, 10L)))
result <- do.call(mmsample:::ruler,testlist)
str(result)