testlist <- list(ciR = structure(c(0, 0, 0, 0, 0, 0, 0), .Dim = c(7L, 1L)),      uR = c(-5.81293895405717e+303, NaN, 1.57536209479319e-260,      -2.84819843209342e-306, 1.04631873122959e-303, -1.39919565500917e+308,      7.1360420963645e-318, NaN, 1.2038082122149e-310, 7.32599090407324e-256,      5.07579165101494e-299, 8.25957553674931e-317, 0, 0, 2.84819775276449e-306,      0, 4.25203195660725e-312, -1.40449899325953e+306, 1.99501537590729e+161,      NaN, 1.34178029790659e-309, 9.88745739148879e-203, 2.52961610670718e-321,      2.11390189984879e-314, 6.13625056986613e-275, 1.75738903898525e+159,      1.06099789548264e-314, -1.55737421110903e-207, -6.17328128290779e+303,      2.78208365173206e-320, NaN, -2.61381705911525e+260, -2.61323054352884e+260,      2.12453576222188e+183, -2.7049442424371e-11, -2.70494424244937e-11,      4.2350124988399e-305, 1.44498202617761e-309, 2.1965972054914e-314,      5.01264638881637e-304, 2.12455196731026e+183, 4.24981518360502e+175,      NaN, 2.21208738289682e+214, 4.50416733867206e+251, NaN, 1.1846970641985e-303,      3.9721327701959e-275, 7.99763378889978e-317, 2.78180907931755e-309,      1.26492172972363e-279, NaN, 0), vR = structure(c(NA, 7.2911220195564e-304,      0, 0, 2.06438360524057e-310, 0, 7.91291890931623e-307, 2.53035291680434e-207,      5.48612408843982e+303, 8.24548651624444e+136, 9.33609804590234e+139,      1.94792582373765e-314, 1.17337879257216e-309, 1.96827478511265e+161,      0, 7.29111909969019e-304, 1.39065068795082e-309, 3.07594210200036e-304,      Inf, 5.23959349202774e-304, 1.06718179501709e-321, 4.46028799255221e-120,      0, 1.21540148876947e-321, 9.91408531661776e-280, 7.6090852489752e-317,      0, 1.21540148876947e-321, 5.4323092248711e-311, 1.34178211924536e-309,      7.96601704602546e-317, 7.28934530139281e-304, 11.499999999884,      5.42165764323714e-312, 5.22060763485499e-312, 1.29881187025797e-309,      5.59678291831858e-275, 7.28133154519046e-304, 1.36844066583487e-231,      1.3898647617212e-309, 1.42467979129749e-317, 0, 1.27468936627042e-321,      2.02296976583709e-110, 5.77096128223171e+228, 4.98669010876839e-312,      0, 7.96601457569723e-317, 7.29112201955638e-304, 1.5751684607612e-260,      9.91408531661776e-280, 7.6090852489752e-317, 0, 1.21540148876947e-321,      5.4323092248711e-311, 1.34178211924536e-309, 7.96601704602546e-317,      7.28934530139281e-304, 11.499999999884, 5.42165764323714e-312,      5.22060763485499e-312, 1.29881187025797e-309, 5.59678291831858e-275,      7.28133154514632e-304, 1.36844066583487e-231, 1.3898647617212e-309,      0, 0, 3.26523044680021e-319, 1.95633478186839e-114, 1.12512369545103e+224,      1.27659266784471e-309, 0, 2.03929985736523e-314, 2.66054350285511e-320,      7.28466878927072e-304, 1.9973109246467e+289, 9.60235078132316e-306,      5.77591950638423e-275, 7.06416448598866e-304), .Dim = c(10L,      8L)))
result <- do.call(mmsample:::ruler,testlist)
str(result)