testlist <- list(gridPoints = structure(c(2.31584307390989e+77, 2.23166819249999e+157,  3.1804801896808e+258, 3.9096567117133e+162, 5.66098666069491e+147,  3.11618342069234e-59, 8.16122327515784e-225, 8.32216186393479e+61,  1.63193909906965e-311, 1.01184644268287e-319, 8.11752247768773e-310,  6.37536023356108e-300, 1.8088250064696e+242, 1.47592595438432e+161,  6.9816292725804e+103, 2.38866325920589e-262, 1.31507701030183e+221,  2.19908968205536e-192, 4.57708366292906e+253, 3.03428333398789e-86,  3.03428333398789e-86, 3.03428333398789e-86, 3.03428333398789e-86,  3.03428333398789e-86, 3.03428333398789e-86, 3.03428333398789e-86,  3.03428333398789e-86, 3.03428333398789e-86, 3.03428333398789e-86,  3.03428333398789e-86, 3.03428333398789e-86, 3.03428333534335e-86,  2.62141623110247e-69, 2.39835487942263e+131, 3.49751798470293e-278 ), .Dim = c(5L, 7L)), origin = c(-1.77548498085422e-64, -1.77548498085422e-64,  -1.77548498085422e-64, -1.77548498085422e-64, -1.77548498085422e-64,  -1.77548498085422e-64, -1.77548498085422e-64, -1.77548498085422e-64,  -1.77548498085422e-64, -0.000471828423242819, -8.20426538294283e+70,  -6.40404758038185e+229, 1.47921053432714e+76, -1.5868321048001e+147,  -8.90383164200184e-44, 2.07450678898811e-247, -1.15821017876058e-57,  1.00558370202629e+290, -2.14027913764262e-203, 4.44052904712205e-294,  -1.56510718086297e+92, -2.65455326263765e+226, 7.84064891300968e-11,  2.77111325997555e+210, -1.40666286278655e-267, 6.19487573696319e+25,  6.35429198269843e-147, -7.27962092863018e-118, 3.94575598732856e-142,  1.86469190469792e-150, 2.67907706515782e+218, 0, 0, 0, 0, 0,  0, 0, 0, 0, 0, 0, 0, 0, 0, 0, 0, 0, 0, 0, 0, 0, 0, 0, 0, 0, 0,  0, 0, 0, 0, 0, 0, 0, 0, 0, 0, 0, 0, 0, 0, 0, 0, 0, 0, 0, 0, 0,  0, 0, 0, 0, 0, 0, 0, 0, 0, 0, 0, 0, 0, 0), queries = structure(c(4.17113725281352e-212,  7.33586543826293e+279, 2.59750413221414e-284, 3.47739340530396e-283,  3.21205352494005e+261, 2.76851683600488e+179, NaN, 9.32670652567387e+34,  2.22353605576326e+21, 1.46795384088275e+296, 1.08555083660824e+76,  3.48948238874353e-295, 1.00366919808301e-169, 8.76327170566743e+39,  4.61733537672679e-154, 4.09083245792388e+307, 6.15511254546554e+280,  1.47592595438432e+161, 2.52388233997083e+104, 9.64079835339247e-262,  1.03359873527511e-232, 1.20478627833418e-188, 4.46880442279702e-190,  2.42167950723532e+176, NA, 1.51631350829815e-295, 1.04755502324645e+279,  1.95561544706167e+301, 1.67926979333857e-210, NA, 2.14343800548594e+186,  3.57285828342144e-257, 9.42617510186237e+257, 8.00870034169306e+28,  2.10400857138892e+298), .Dim = c(7L, 5L)))
result <- do.call(icosa:::Aggregate_,testlist)
str(result)