testlist <- list(gridPoints = structure(c(5.01223610543588e+61, 1.79537390260726e+289,  1.94871433082993e+33, 6.2039344073719e-120, 1.28800686006232e+119,  0.153161873808679, 7.03343160306939e-283, 4.92189894985988e+128,  7.16316627069087e-195, 33202721092023296, 8.72129297016597e-42,  1.49420404917029e-59, 2.58901347499806e+77, 1.18375069067652e+54,  2.60060902075958e-170, 3.38922334836234e+171, 1.22418609452029e-104,  1.08198397033457e+42, 9.33902507385268e-227, 5.56524081361261e-273,  2.80104409660175e-09, 7.75822451564196e+180, 3.0900031752855e-191,  1.01971211553913e-259, 1.23680518918097e-165, 3.86855424928471e-212,  1.41265558662463e-303, 3.48023887830184e-312, 2.39605748553294e+52,  7.40693649713722e-309, 8.02776833125926e+111, 5.40552766222444e-79,  9.21397546624272e+39, 3.89813931172467e-77, 4.54741412066763e+142 ), .Dim = c(5L, 7L)), origin = c(-1.92801273233412e+124, 4.16592963148244e+284,  1.73259967856661e+30, 3.18994801743141e-120, -1.1170119665992e-117,  0.000671157200901449, 1.43258279773042e-283, -6.10655064002334e-130,  1.79696050103834e-196, 191493125665420288, 8.99692570688173e-44,  -4.94671905016845e+61, -1.55397143054087e-77, 5.54087771357843e+56,  1.04576659706782e-169, 7.28895677388435e+170, -5.39690802968837e-260,  -4.31664472481062e-162, 5.80647672288434e+148, 1.39607800095223e-58,  -3.15268173703042e-308, -1.75315276537391e+129, -2.3820024689708e-136,  1.78011595864116e-199, 6.15333471779612e-276, -1.22233984440976e+169,  2.68292541545651e+300, -7.52992534358024e+201, -3.17817191820788e+229,  -1.77677863921246e+113, 3.04928697388922e+269, 1.51993829582426e+283,  -1.18064404001911e+61, 2.28005607387436e-158, 488731073759405696,  -2.69950200331096e+207, 1.78785195225706e+137, 1.80573203641528e-169,  -1.16702808277922e-31, 2.67629262918484e-111, -7.18378183659202e-77,  1.34183785988645e-132, 2.77167279999606e+228, 1.24166814976814e-80,  1.5253210723764e+43, -3.84301924429389e+73, 3.61869754295441e+143,  -5.71763316517905e-111, 1.10717487444044e-236, 2.93402752312285e-210,  4.32731772505806e-284, 1.37887072671577e-160, 5.25684721879338e+58,  7.05139089510778e+219, 1.29849269277858e+219, 1.29849269277858e+219,  1.29849269277858e+219, 1.37887072671578e-160, 4.61916063836632e+217,  3.42291123863656e+74, 2.73573992933007e+218, 0, 0, 0, 0, 0, 0,  0, 0, 0, 0, 0, 0), queries = structure(c(4.03776931004474e-64,  5.19469326128904e-113, 1.21683150189143e-206, 4.90014906966465e-45,  1.29849269277858e+219, 1.29849269277858e+219, 1.32336230952644e+219,  6.15844226560353e-168, 9.40148789610588e+194), .Dim = c(3L, 3L )))
result <- do.call(icosa:::Aggregate_,testlist)
str(result)