testlist <- list(gridPoints = structure(c(1.96318952353631e+44, 5.83224213498073e-303,  1.89858854905181e+44, 9.70394846828691e-67, 2.81684075753642e+209,  2.81700905510839e+209, 9.18918935645936e-289, 1.04507561742881e-51,  3.75300069779162e+247, 2.80925477728439e+280, 2.09936968052216e-104,  1.08198397098364e+42, 3.4726396343805e-164, 2.09212844717432e-110,  2.0924533037295e-110, 2.0924533037295e-110, 2.0924533037295e-110,  1.95440152518817e-106, 4509259770267734, 3.21205352551282e+261,  7.91483642412999e+179, 6.52883749116049e+208, 2.22507474891328e-308,  2.774310514209e+209, 5.03352392452505e-261, 4.6444935062086e+55,  9.59261206423494e+244, 1.88065406107837e-229, 1.70119004989862e-193,  2.03701228459367e+188, 2.1046178189268e+243, 3.00168515989199e-59,  6.95836227252224e-310, 2.60531979930564e+77, 7.34850889420526e-284,  3.21213798450437e+261, 7.872789776534e+179, 6.28236922018117e+88,  4.17078968733929e+203, 2.81700905511843e+209, 2.81700905511843e+209,  2.81700840902124e+209, 2.02106231427544e-77, 1.90959067871667e+70,  6.28244543625223e+88, 2.63509347414611e+268, 0.153159092083507,  3.7132110742834e-28, 2.77392487412474e+209, 2.8170084035904e+209 ), .Dim = c(5L, 10L)), origin = c(2.09271686456306e-110, 2.0924533037295e-110,  -7.78893697128448e+81, 2.48504854351929e-148, 2.36253553231055e-28,  2.81700905430512e+209, 1.567715173664e-202, 1.02249044006138e+25,  4.50041083454808e-306, 0, 0, 0, 0, 0, 0, 0, 0, 0, 0, 0, 0, 0,  0, 0, 0, 0, 0, 0, 0, 0, 0, 0, 0, 0), queries = structure(c(3.09692293544731e-188,  0.0247820731874314, 9.79133627187648e-108, 1.88816835101882e+195,  8.00901395734973e+28, 1.20321050896916e-163, 1.37112366641113e+308,  9.59261206423497e+244, 1.88065406107837e-229, 1.70377812373161e-193,  4.01989991211937e-211, 1.23262747617573e+129, 1.64423056469189e-155,  2.22534566464368e-308, 2.09245330357459e-110, 2.0924533037295e-110,  2.0924533037295e-110, 2.0924533037295e-110, 2.09245330788938e-110,  5.10629027489053e-195, 1.9631896772135e+44, 2.14277819247647e-70,  8.00499321046649e+121, 1.08250474323733e-43, 1751797974840384,  1.42874129178614e-207, 1.61283785904189e-241, 2.70615151092407e-10,  6.28532238416437e-86, 1.42848845233387e+178, 2.774310514209e+209,  5.03352392452505e-261, 4.6444935062086e+55, 9.59261206423494e+244,  1.88065406107837e-229, 1.7013382863504e-193, 2.0924533037295e-110,  2.0924533037295e-110, 2.0924533037295e-110, 2.07908195808133e-110,  1.74175516589513e+40, 6.23517059151863e-264, 1.22607414006481e-308,  6.46222649663274e+208, 2.58901347499806e+77, 1.27953166198061e+54,  1.928787074804e+248, 9.66045077772962e-262, 4.9450699706852e-312 ), .Dim = c(7L, 7L)))
result <- do.call(icosa:::Aggregate_,testlist)
str(result)