testlist <- list(gridPoints = structure(c(1.36282249783045e+135, 2.23143512707811e+157,  4.75382110725802e+304, 9.64079456762548e-262, 1.03371969296854e-232,  4.26416070427751e+275, 3.39497708099641e-306, 2.24592431699901e+232,  4.69616444105627e-181, 7.94475148463962e+69, 175039144294442,  2.70129229307242e+144, 1.58632599236127e+89, 1.22418609452029e-104,  1.08198397098361e+42), .Dim = c(5L, 3L)), origin = c(1.10639270315221e+74,  2.73988131226224e+284, 1.67159078857836e-280, -54725655548146.1,  3.94574049158057e+194, 2.16651591903142e+157, -1.84830405876242e-72,  9.25397639828717e+305, 53.7881231068702, 1.15554420204632e+45,  1.10088114843594e-266, 1.93059187655191e-197, 1.93059187450955e-197,  6.89804582507867e-198, 1.93059187450955e-197, 1.93059187450955e-197,  -1.24373454942843e+212, -3.03522458694749e+30, 3.3303108265675e-161,  4.33041601772536e+125, -4.06252074931447e+24, -7.9558588242356e+24,  -2.15775610372273e-139, -1.5085628345053e+113, -1.35337467481218e-76,  6.97064465728774e+102, -8.81373732598875e+220, 8.87271628180748e-153,  2.7610588955715e-253, -1.84714639947315e+241, 1.10646309030853e+226,  1.07484781367557e-184, -3.88684895346325e-05, -3.65230692857497e-40,  4.79485438685247e-151, 1.40826583459724e-233, -1.15880149316273e-282,  -1.06341232183036e-162, 2.54169766318057e+104, 1.60074782958129e-261,  1.25767028020516e+219, 4.15845114250536e-158, 2.31896724284169e-312,  0, 0, 0, 0, 0, 0, 0, 0, 0, 0, 0, 0, 0, 0, 0, 0, 0, 0, 0, 0, 0,  0, 0, 0, 0, 0, 0, 0, 0, 0, 0, 0, 0, 0), queries = structure(c(3.21566815711392e+285,  3.48443407160882e-278, 3.66291001048194e+240, 2.57740637183861e+144,  4.28276603942313e-116, 2.28295712121648e-77, 3.26256690876435e+108,  9.1904431275337e-18, 1.7920503874299e-310, 1.19791430914206e+122,  8.33393506245247e+150, 1.36204685169426e-309, 2.89435461962375e+194,  6.15843982670424e-168, 1.95716573180888e+213, 3.21710830144663e-06,  3.96492879809737e-138, 0.000575198197339665, 1.9995056345447e+203,  5.34190682584989e+74, 9.00344914250913e+288, 9.01864531314771e-284,  1.1750914620233e-250, 9.85206973948893e+212, 5.68889540093379e-103,  1.10639270315221e+74, 1.10639270315221e+74, 1.10640133033514e+74,  1.10638191917354e+74, 1.10639270315221e+74, 1.10639270315221e+74,  1.10639270315221e+74, 1.10639270315221e+74, 1.10639270315221e+74,  1.10639270315221e+74, 1.10639270315221e+74, 1.10639270315221e+74,  1.10639270321803e+74, 1.10639270315143e+74, 1.04102737679095e-42,  1.04102737679095e-42, 1.04102737679095e-42, 5.74194500674815e+174,  1.04102737679095e-42, 1.04102737679095e-42, 1.04102737679095e-42,  1.04102737679099e-42, 2.48737231505756e+193, 2.21278540630441e+74,  1.10637971163044e+74), .Dim = c(10L, 5L)))
result <- do.call(icosa:::Aggregate_,testlist)
str(result)