testlist <- list(gridPoints = structure(c(3.53369609666426e+72, 9.01309169366455e+156,  4.10413909751076e-207, 4.1041390975109e-207, 5.59572090593788e+216,  4.12707297598314e+203, 5.78172876112733e+222, 3.06656014351599e-304,  4.10413909751076e-207, 4.10413909751076e-207, 4.10413909751076e-207,  4.10413909751076e-207, 4.10413909751076e-207, 4.10413909751076e-207,  5.95750278984877e+228, 5.95750278984877e+228, 5.95750278984877e+228,  5.95750278984877e+228, 5.95750278984877e+228, 5.95750278984877e+228,  5.95750278984877e+228, 5.95750320792112e+228, 5.51111094593962e-23,  1.88070843865623e-250, 3.72596076070576e-261, 6.90037276285019e-237,  2.47506358492122e-126, 9.17543007663258e-29, 2.90048051151709e-72,  6.0949037218535e+120, 1.3668397487672e-70, 2.39176244764482e-212,  3.88301728461198e+152, 4.59495438644456e+229, 6.82926326148504e-89 ), .Dim = c(5L, 7L)), origin = c(-1.22233984440976e+169, 3.39262140664582e-307,  -4.01877666955463e-299, -4.60669416705544e+208, -2.72364407654839e+203,  -2.01189890140913e-215, 5.01899462129152e+173, 3.7509307314893e-28,  3.47906786794058e+264, -6.57348574461441e-299, -4.6177314521065e+70,  -6.39270705062964e-125, 2.6431462043754e-71, -2.56078024568449e+90,  2.90904163339766e-82, -0.0628831828798913, 5.91099470660417e-229,  2.04248670255629e-215, -1.84714639914324e+241, 1.10646309030813e+226,  1.07484781367557e-184, -3.88684895297476e-05, 6.07475633799053e-151,  -1.91084158438728e-212, -6.86674557429537e+159, 9.05846578800799e-315,  0, 0, 0, 0, 0, 0, 0, 0, 0, 0, 0, 0, 0, 0, 0, 0, 0, 0, 0, 0, 0,  0, 0, 0, 0, 0, 0, 0, 0, 0, 0, 0, 0, 0, 0, 0, 0, 0, 0, 0, 0, 0,  0, 0, 0, 0, 0, 0, 0, 0, 0, 0), queries = structure(c(4.27732534605668e-233,  4.81354552229434e-296, 4.10413909751076e-207, 3.42223852167786e-203,  4.10413909751076e-207, 4.10413909751076e-207, 4.10413909754662e-207,  1.03359873527511e-232, 4.13592149598789e-53, 1.58565611653214e-77,  4.12619175967979e-207, 4.10413909751076e-207, 4.10413910678184e-207,  2.08673454707422e+116, 5.28078223937562e+70, 4.1707567968711e+203,  6.15622887391762, 4.73511176246477e+70, 5.75489758592735e-207,  2.02106231443341e-77, 1.9095907117898e+70, 3.85165864073255e+211,  1.17164455047647e+235, 3.4087117526626e-30, 1575.99459172291,  4.73511176246477e+70, 1.90386219594111e-205, 2.02106231427495e-77,  1.90959071178917e+70, 3.85165864073257e+211, 1.01606085382336e+305,  3.50133946208274e-30, 2.17872083579694e-189, 1.18923808162259e-63,  8.73566280223768e-21, 9.00344914250913e+288, 9.07512373953357e-284,  6.72262096608279e-203, 9.85276732795819e+212, 4.6448189114316e-40,  1.62668978334611e-28, 4.10050924708744e+261), .Dim = 7:6))
result <- do.call(icosa:::Aggregate_,testlist)
str(result)