testlist <- list(v = c(-1.10310852891461e-146, NA, 1.22169907870829e+161,  -1.61703148677611e-148, 1.22839110481529e-305, -1.10310852891459e-146,  8.78434775326897e-310, 5.22026549969163e-317, Inf, 0, 0, 2.781342323134e-308,  3.65808074582728e+181, 2.77448001762435e+180, 2.77448001762435e+180,  2.77448001762435e+180, 4.66083586219132e-306, -9.98017108214494e-150,  NaN, NaN, -6.64212012698468e-18, 1.85552504384431e+46, 1.80331613751964e-130,  NaN, NA, 1.39157915457274e-258, -8.94559941093327e+192, 4.37156578650043e-82,  2.12198385483333e-314, NaN, NaN, NaN, NaN, NaN, NaN, NaN, NaN,  8.05038841218973e-301, NaN, NaN, 7.06331670623026e-304, 0, 0,  -1.62597454369671e-260, -1.32251338995005e+308, 1.45384888379042e-101,  -1.10310852891461e-146, -5.48612406884409e+303, NaN, 2.77447945805146e+180,  2.77448001762435e+180, 2.77440087189588e+180, 2.77448001762435e+180,  NaN, NaN, -6.92770822013587e-258, 1.22176384319977e+161, 2.9098993037016e+101,  -7.57684351807415e-149, -1.10310852891461e-146, 2.98519234194479e-33,  NA, 0, 0, 0, 2.52115825328368e+299, 1.52485258912309e-317, NaN,  1.85550040157723e+46, NaN, -7.57675750620892e-149, -6.18972127271003e+306,  NaN, 4.80615953437555e-306, -1.10964322872963e-146, 0), w = c(3.23785921002061e-319,  Inf, NaN, NaN, -6.8290941502731e-259, 1.68870350955569e-260,  7.17091154350667e+149, -5.82766839796468e+303, -9.77579636334044e-150,  1.10706108169379e-80, NaN, NaN, NaN, NaN, NaN, NaN, NaN, 7.74518382969842e-121,  8.25667290107999e-317, Inf, 2.77478395267997e+180, 2.80499069595008e+180,  2.77448001762435e+180, NA, 1.390663339308e-309, 1.21327258647584e-305,  1.98937105402994e-315, 1.22176375461319e+161, 5.41063458111795e+159,  1.1951156590272e+161, 3.91836485928861e+146, 4.31312636079776e-82,  8.28899912222174e-317, 2.2250738585072e-308, 2.69058914210361e-82,  NaN, -1.10299527643412e-146, 1.2553953967496e-305, 1.78005908680576e-307,  1.22839113196463e-305, NaN, NA, -1.51771007211761e+82, -3.91965817544648e-256,  -7.57675749167252e-149, 2.0701124501468e+109, 8.19687411242632e+107,  NaN, NaN, 5.64955526523101e-283, 1.15142278277226e-250, 7.06343787261419e-304,  8.25679295903193e-317, -1.8163967740095e-257, -3.54513542368796e-164,  7.17091154350892e+149, -9.92615550837064e-234, -9.9261575707946e-234,  -1.58100444400231e-151, -1.10310830423204e-146, -1.10310853027474e-146,  4.79260049060208e-307, NaN, NaN, NaN, NaN, NaN, NaN, -2.30331110817115e-156,  -2.30331110816477e-156, -2.30331110816477e-156, -2.30331110816477e-156,  1.39067113036118e-309, -3.78371119369435e+305, -1.0741158939086e-146,  -1.10310852891461e-146, -6.04498561749911e+303, NaN, NaN, NaN,  NaN, 843.87548828125, -1.1031085272448e-146, 4.77831260387041e-299,  4.40940493377492e-193, -5.48612511485357e+303, 1.25986739689518e-321,  Inf), x = c(-2.30331110816477e-156, -2.30331110816477e-156, NaN,  NaN, -1.49166814624004e-154, NaN, NaN, NaN, 6.08113386035836e-13,  2.77448001762435e+180, -1.10310852891462e-146, Inf, NaN, NaN,  Inf, NaN, -1.49166814624004e-154, -2.30331110816477e-156, -2.30331110816477e-156,  -2.30331110816477e-156, -2.30331110816477e-156, NaN, 2.77428136374808e+180,  2.77448001762435e+180, 2.77448001762432e+180, 2.77448001762435e+180,  2.77448001761963e+180, 2.77448001762435e+180, 3.8838293948447e+281,  -Inf, NaN, 2.77448001762435e+180, 2.77448001762435e+180, 4.86271355728232e+179,  -6.64212012698468e-18, -1.10310852891461e-146, 2.77447945340187e+180,  NaN, NaN, -1.06559842091273e-255, -1.1031088771113e-146, 0))
result <- do.call(RaceID:::ProbFun,testlist)
str(result)