testlist <- list(v = c(-1.34765550943381e+28, -1.34765550943381e+28, -1.34765550943381e+28,  -1.26864913417964e-155, -2.30331110816477e-156, NaN, NaN, NaN,  NaN, 1.40129846432482e-43, 2.90989930152687e+101, 1.1303530487231e-258,  -1.34765550943381e+28, 1.84848952364152e-314, 1.28165166975507e-305,  Inf, 8.88790515523566e+247, 7.17091155030805e+149, -5.82766839796468e+303,  5.35917277081613e+159, 1.86693916737625e+159, 2.81011657711966e+151,  1.26749298849904e-259, Inf, -1.1031088771113e-146, 1.18544029314125e-125,  8.25667290107999e-317, 0, 0, 0, -1.34765550943381e+28, 0, 0,  0, 2.48671381753743e-316, -5.93230042499694e+190, NaN, 7.23100029706994e+38,  NaN, NaN, NaN, NaN, NaN, NaN, -8.22918610319053e+304, -7.57684351807415e-149,  -1.10310852891461e-146, 4.31312636079786e-82, 844.674804687489,  Inf, -1.2923113844107e+308, 1.39064994160936e-309, 3.06910052927378e-12,  -8.36654861563806e-148, 2.77448001762438e+180, 3.65808274173512e+181,  -6.19058542768068e+306, 2.69058914210376e-82, 3.33761078778117e-308,  4.92032495196751e+160, 1.01685603085403e+146, 5.72097298745591e+103,  9.93193693889994e-100, 2.44276413346551e-85, 2.12455159605201e+183,  -8.97862998707326e+303, -1.36595619813957e-258, -1.1031088771113e-146,  NaN, -1.49166814624004e-154, -2.30331110816477e-156, -2.30331110816477e-156,  -2.30331110816477e-156, NaN, NaN, -2.30341821898639e-156, 7.29112071068942e-304,  NaN, NaN, 2.75421871115391e+180, 2.77448001762435e+180, 6.73197581550614e-81,  1.19511565902113e+161, -6.86280101408267e-258, 5.16076422255854e-310,  -7.57684351807205e-149, -1.10310852891461e-146, 2.98519234194479e-33,  9.77579636145905e-150, -1.10310808652211e-146, -1.10310852891461e-146,  8.62458486566535e-169, 1.84041750245379e+106, -1.72759794661899e-260,  -8.978629966636e+303, -1.81842130657624e-257, 0), w = c(-Inf,  NaN, 8.19687411242632e+107, 8.19687411242632e+107, 1.2981778952918e-307,  4.65661287307739e-10, 2.77448001762435e+180, 5.50814850933333e-310,  6.80586152066418e+38, NaN, -1.12617174104049e-146, -8.97862998707326e+303,  7.50669439308575e-310, -1.77319987166314e-257, 6.86047799324486e+38,  -Inf, -1.05332339807941e-255, 4.17664997296495e+149, 1.30478322700035e-304,  2.2731675801357e-306, NaN, -1.32251376245863e+308, -1.10310810144387e-146,  4.09155413791646e+149, NaN, -5.70210285088653e+303, -1.49166807853307e-154,  -2.30331110816477e-156, -2.30331110816477e-156, -2.30331110816477e-156,  -2.30331110816477e-156, NaN, 1.31508560940509e-192, NaN, 2.77448001762442e+180,  1.1303530502492e-258, -5.5490799408936e+303, NaN, -1.77320032574829e-257,  1.22176384261602e+161, NA, 2.73930630202366e-82, -1.10310852891461e-146,  2.63595592567274e-82, NaN, NaN, NaN, NaN, NaN, 7.74518382969842e-121,  -3.38043296574282e+221, 2.90989929806391e+101, -7.57684351807415e-149,  -1.10310852891461e-146, 0, 1.26018332782824e-259, NaN, NaN, NaN,  NaN, NaN, -1.49166814624004e-154, -2.30331110816477e-156, -2.30331110816477e-156,  -2.30331110816477e-156, -2.30331110816477e-156, NaN, NaN, -5.82900682309329e+303,  -5.55307629664494e+306, 1.39067113036118e-309, NaN, -2.30331110816479e-156,  -2.30331110816477e-156, -2.30331110816477e-156, -2.30331110816477e-156,  NaN, NaN, 4.86271355728241e+179, -6.64212012698468e-18, -1.10310852891461e-146,  2.77447945340187e+180, NaN, NaN, NaN, NaN, NaN, NaN, 2.73780784900488e+180,  2.77448001762435e+180, 4.76482363730575e+179, 2.77448001762435e+180,  0), x = NaN)
result <- do.call(RaceID:::ProbFun,testlist)
str(result)