testlist <- list(v = c(5.84081887864616e-308, NaN, 2.2250738585072e-308,  1.79266204419481e-310, NaN, -6.40666590458592e-145, 1.28220160550184e-259,  4.66127441503902e-306, -1.59978456499293e-149, 4.72828194932162e-308,  -1.10310852718651e-146, -6.19058542765087e+306, 9.56678608114857e-82,  8.07318536090582e+107, -9.77692946287408e-150, NaN, NaN, NaN,  NA, NaN, -1.61696678468289e-148, -1.10310852890809e-146, 7.29112201455015e-304,  1.39064994160936e-309, 1.22839070163058e-305, 2.73930630202366e-82,  -1.10310852891461e-146, NaN, NaN, -5.48612406879369e+303, NaN,  NA, 2.77448001938234e+180, 2.77448001762435e+180, 1.15068329634908e+179,  NaN, NaN, -2.33073147850006e-156, NaN, NaN, NaN, 4.76482364314044e+179,  2.77448001762435e+180, -5.48665457060286e+303, 2.67008884903946e-307,  NaN, -6.19109101163368e+306, NaN, 2.9323024972942e-312, -5.93230041175308e+190,  2.67014465089752e-307, -1.10310852891458e-146, 863.953921568627,  0), w = c(NaN, -6.20695021000751e-145, 1.27963475978841e-307,  -3.27585791571656e+221, 1.27661649331387e-305, 2.73930630202366e-82,  8.19687411245145e+107, 8.19687411242632e+107, 8.19687411242632e+107,  NaN, NaN, -6.2202391998832e+189, NaN, -1.62597538564973e-260,  -1.32251338995005e+308, NaN, NaN, NaN, NaN, NaN, -2.30331110979915e-156,  -2.30331110816477e-156, -2.30331110816477e-156, -2.30331110816477e-156,  7.29112071068942e-304, -8.22918610261573e+304, NaN, -1.10301341035534e-146,  -5.55170039161444e+306, NaN, -2.30341821897354e-156, -2.30331110816477e-156,  -2.30331110816477e-156, -2.30331110816477e-156, NaN, 7.2911220195564e-304,  NaN, -7.57675828179168e-149, -1.10310862862622e-146, 6.92064765002293e-172,  2.72332021874044e+180, NaN, 5.4857290546343e+303, NaN, NaN, NaN,  2.12455197126707e+183, 2.77448001761581e+180, 2.77448001762435e+180,  2.77448001641668e+180, 3.55251418678954e+180, NaN, -1.06559867695611e-255,  1.74406543146896e-308, 1.20294945287609e+160, 4.17665227839069e+149,  -1.10299909640471e-146, -1.10310852891461e-146, 1.22634489398697e-305,  0, 0, 0, 0, 6.47581723317039e-318, 2.77448001944296e+180, 2.77448001762435e+180,  2.77448001762435e+180, -1.68094570609781e-260, -6.64174085635262e-18,  NaN, NaN, -7.57676053615984e-149, -5.9889215188886e-148, 8.62216242085285e-308,  1.31508573024891e-192, NaN, 2.77448001762442e+180, 1.1303530502492e-258,  -5.5490799408936e+303, NaN, NaN, NaN, NaN, -5.48612406879369e+303,  NaN, -2.27610495947272e-159, 6.79612000256637e+147, -6.1590392687187e+306,  -1.28585369676211e-259, NaN, NaN, -5.48612406879369e+303, 1.6899913998574e-308,  1.25986739689518e-321, 0, NaN, -1.65455612825194e-260, NaN, NaN ), x = c(1.01685603085403e+146, NaN, 8.19687411242632e+107, 1.39065792704852e-309,  2.00995441320231e-310, 2.55827853386896e-310, 8.69169475979376e-311,  6.80586152066418e+38, NaN, 1.26531950471527e+161, -0.124019585170917,  -0.124019607843137, -0.124019607843137, -0.124019607843137, -0.124019607843137,  -0.124019607843137, NA, -0.124019607843137, -0.124019607843137,  -0.124019607843137, 849.34362745098, -1.6169667807908e-148, 2.21294308866867e-308,  0))
result <- do.call(RaceID:::ProbFun,testlist)
str(result)