testlist <- list(v = c(NaN, -Inf, -1.10310852891461e-146, 2.64285564557347e-260,  1.74431449207969e-308, 2.27305201358825e-306, -1.10310852724534e-146,  3.01614799366232e-86, NaN, 1.10706108169379e-80, 1.70560220799449e+262,  4.13001169964417e-27, -8.94559941093338e+192, 2.85228739186315e+180,  NaN, 2.79559372203001e-85, 3.79262185861395e+146, -7.5859648040774e-149,  -1.61697632320146e-148, -2.70673783163562e-146, 1.68944827290416e-308,  -5.82851308873519e+303, NaN, -3.38084306395377e+221, -1.00814639600149e-258,  3.42030927905186e-312, 8.74601785204247e-310, 1.83479889280103e+106,  2.77448001761243e+180, 4.76482363730575e+179, 2.77448001762435e+180,  NaN, NaN, -1.59985281704443e-149, 1.22169800628894e+161, -1.61703148677611e-148,  1.22839110481529e-305, -1.10310852891459e-146, 2.72479886320675e-82,  1.25542444687198e-305, Inf, 0, 0, 0, -Inf, -1.1029542246779e-146,  2.77448001762435e+180, 2.77448001762435e+180, 2.77448001762435e+180,  -1.26021586856333e-259, 4.81323093985462e-307, NaN, NaN, 7.04520836682707e+147,  -1.66353961706015e-260, 3.89585200814323e-315, NaN, 2.85279195360568e+180,  2.77448001762435e+180, -3.40655754314834e+305, 6.76506636904467e-258,  1.80331614052771e-130, 7.90728232141204e-82, 1.28822975391943e-231,  4.72828194926304e-308, 2.63573432300557e-82, NaN, 2.781342323134e-308,  -1.83476142531236e-257, -3.54990026793784e-146, NA, 2.80487197735737e+180,  -7.57675681486924e-149, -7.57675916148527e-149, -1.1029545440134e-146,  8.37444436986907e-299, 6.94063252300986e+147, 2.55318557380218e-310,  2.52115825328368e+299, 2.05841805777999e+183, -1.08838732993296e-146,  2.77448001762435e+180, 9.62628031646638e-307, NaN, 1.26018332782824e-259,  -Inf, 1.21589239592044e+161, -5.91457571812231e-148, 4.77829654129038e-307,  1.20294919833929e+160, 0), w = c(-1.10310808652211e-146, -1.10310852891461e-146,  NaN, NaN, NaN, NaN, NaN), x = c(Inf, -0.124019607843137, -0.124019607843137,  -0.124019607843137, -0.124019607843137, -0.124019607843137, 4.06890612529191e-312,  NaN, 2.84131549442564e-307, NaN, 3.91836485931767e+146, -0.124019607843137,  -0.124019607843137, -0.124019607843137, -0.124019607843137, -0.124019607843137,  -0.124019607843137, -0.124019607843137, -0.124019607843137, -0.124019607843137,  -0.124019607843137, 4.67320258495657e-307, 1.75617327606706e+87,  2.17990807223936e-106, -3.18195195990034e+305, 1.39067121349778e-309,  0, 0, 7.90728232141204e-82, 1.28822975391943e-231, 1.39067116124321e-309,  -0.124019607843137, 1.52485258912309e-317, NaN, -5.70210284280182e+303,  NaN, NaN, 1.16466726737369e+104, NaN, -6.59893477647362e-149,  -1.10310852891461e-146, 8.05038841218973e-301, 3.99486950920114e-310,  4.01295108410848e-236, NaN, 7.14067597469895e+165, 2.69058914212783e-82,  -Inf, -1.10299527643412e-146, -1.10310852891461e-146, 2.64285564557347e-260,  1.74431449207969e-308, 2.27305201358825e-306, -1.10310852724534e-146,  3.01614799366232e-86, NaN, 1.10706108169379e-80, 1.70560220799449e+262,  4.13001169964417e-27, -8.94559941093338e+192, 2.85228739186315e+180,  NaN, 2.79559372203001e-85, 3.79262185861395e+146, -7.5859648040774e-149,  -1.61697632320146e-148, -2.70673783163562e-146, 1.68944827290416e-308,  -5.82851308873519e+303, NaN, -3.38084306395377e+221, -1.00814639600149e-258,  3.42030927905186e-312, -5.70210284279153e+303, NaN, NaN, 1.16466726737369e+104,  NaN, -6.59893477647362e-149, 0))
result <- do.call(RaceID:::ProbFun,testlist)
str(result)