testlist <- list(v = c(5.72097298745591e+103, 9.93193693889994e-100, 2.44276413346551e-85,  2.12455159605201e+183, -1.12592794746801e-146, 1.74431448905054e-308,  3.13151603729397e-294, 1.70927326488232e-77, NaN, -1.10299527643412e-146,  -1.10310852891461e-146, NaN, NaN, NaN, NaN, NaN, -1.61696678468289e-148,  -1.10310852890809e-146, 7.29112201455015e-304, 1.39064994160936e-309,  NaN, NaN, NaN, -2.30331110979915e-156, -2.30331110816477e-156,  -2.30331110816477e-156, -2.30331110816477e-156, 7.29112071068942e-304,  -8.22918610261573e+304, 2.12199579541186e-314, -1.10301341035534e-146,  -5.55170039161444e+306, NaN, -2.30341821897354e-156, -2.30331110816477e-156,  -2.30331110816477e-156, -2.30331110816477e-156, NaN, 7.2911220195564e-304,  NaN, -7.57675828179168e-149, -1.10310862862622e-146, 6.92064765002293e-172,  2.72332021874044e+180, NaN, 5.4857290546343e+303, NaN, NaN, NaN,  2.12455197126707e+183, 2.77448001761581e+180, 2.77448001762435e+180,  2.77448001641668e+180, 3.55251418678954e+180, NaN, -1.06559867695611e-255,  1.74406543146896e-308, 1.20294945287609e+160, 4.17665227839069e+149,  -1.10299909640471e-146, -1.10310852891461e-146, 1.22634489398697e-305,  0, 0, 0, 0, 6.47581723317039e-318, 2.77448001944296e+180, 2.77448001762435e+180,  2.77448001762435e+180, -1.68094570609781e-260, -6.64174085635262e-18,  NaN, NaN, -7.57676053615984e-149, -5.9889215188886e-148), w = c(NaN,  2.77448001762442e+180, 1.1303530502492e-258, -5.5490799408936e+303,  NaN, NaN, NaN, NaN, -5.48612406879369e+303, NaN, NaN, NaN, NaN,  NaN, 7.2911220195564e-304, -6.21801604799495e+306), x = c(2.72446299282587e-82,  Inf, NaN, 2.78482772706322e-82, 1.3852599897321e-309, 3.42708267168904e-268,  3.4126770934556e-308, -5.82766840469617e+303, -8.36654862486942e-148,  2.77448001762438e+180, 3.65808274173512e+181, 2.72446323210578e-82,  2.69058914210376e-82, 3.33761078778117e-308, 4.92032495196751e+160,  1.01685603085403e+146, 5.72097298745591e+103, Inf, 2.63573432300557e-82,  9.93193693898258e-100, 2.44276413346551e-85, 2.12455159605201e+183,  -1.12592794746801e-146, 1.74431448905054e-308, 3.13151603729397e-294,  1.70927326488232e-77, NaN, -1.10299527643412e-146, -1.10310852891461e-146,  863.9541015625, NaN, NaN, NaN, NaN, 7.2911220195564e-304, -1.07509380637938e-146,  -6.19058542765087e+306, 1.16718057548654e-312, 3.23785921002061e-319,  2.12196341187911e-314, NaN, -1.62597538071963e-260, -1.32251338995005e+308,  1.21618846149189e+58, 50.7607843137255, 2.99136656856258e+277,  8.19687411239762e+107, 8.19687411242632e+107, 8.19687411242632e+107,  8.28896700795476e-317, 2.52115825328368e+299, 1.52485258912309e-317,  NaN, 1.85550040157723e+46, NaN, 2.81011658686822e+151, -0.124019607843136,  -0.124019607843137, -0.124019607843137, -0.124019607843137, -0.124019607843137,  -0.124019607843137, 4.72828088416913e-308, -0.124017812583589,  -0.124019607843137, -0.124019607843137, -0.124019607843137, 1.22839129048025e-305,  -1.10310852794401e-146, 863.953921568627, NaN, NA, 1.75617327606704e+87,  2.17990807223936e-106, 2.19574485752553e-268, 1.22839106236988e-305,  2.68898053641736e-82, 2.73389096652236e-304, 7.06416102283852e-304,  3.42708267168904e-268, 3.4126770934556e-308, -5.82766840469617e+303,  -8.36654862486942e-148, 0))
result <- do.call(RaceID:::ProbFun,testlist)
str(result)