testlist <- list(v = c(NaN, NaN, NaN, NaN, 2.77478592362428e+180, NaN, 1.16655906886902e-305,  3.23790861658519e-319, 0, 1.31508560940504e-192, 3.90362325067782e-315,  NaN, NaN, NaN, NaN, -2.30331110817115e-156, -2.30331110816477e-156,  -2.30331110816477e-156, NaN, NaN, NaN, -5.5516993870748e+306,  NaN, NaN, 2.77478592362428e+180, 2.77448001762433e+180, 9.52157085234358e-307,  1.79266204419481e-310, -4.25174675449418e+304, -6.40666590458592e-145,  1.28220160550184e-259, 4.66127441503902e-306, -1.59978456499293e-149,  4.72828194932162e-308, -1.10310852718651e-146, -6.19058542765087e+306,  9.56678608114857e-82, 8.07318536090582e+107, 2.88100900351069e+277,  NaN, -5.93267857379134e+190, -1.83458041252212e-257, 1.68869575630488e-260,  -8.94559941093327e+192, -9.92615757076313e-234, -9.9261575707946e-234,  -1.58736879764579e-151, 2.72359036949356e+180, 2.77448001762529e+180,  2.77448001761574e+180, 2.77448001762435e+180, 2.77448001762433e+180,  2.77448001762435e+180, 6.92064648872507e-172, 2.77448001762435e+180,  2.77448001762435e+180, 844.674509803917, -1.10310853027475e-146,  -8.97862998707326e+303, 7.50669439308575e-310, -1.77319987166314e-257,  4.49608285765295e+43, -1.10310852890786e-146, -1.05332339807941e-255,  -1.07510278903436e-146, 1.2553953967496e-305, -7.58596480133518e-149,  9.94174917297997e-100, 4.6732025849565e-307, -1.07509380637938e-146,  -1.10310852891461e-146, -1.23094842280792e-148, -1.6122285002337e+265,  -1.49166760722104e-154, -2.30331110816477e-156, -2.30331110816477e-156 ), w = c(-2.30331110816477e-156, NaN, 4.69855092094008e-306,  -1.10964322872963e-146, 2.80499116151318e+180, 9.52157095841382e-307,  NaN, 2.77448001761251e+180, 2.73750313328251e+180, 2.77448001762435e+180,  4.76482363730575e+179, 2.77448001762435e+180, 2.77448001762435e+180,  2.7745215691318e+180, 2.77448001762435e+180, 2.77448001762436e+180,  2.76009647948131e+180, NaN, -6.92770822013587e-258, 1.22176384319977e+161,  2.9098993037016e+101, -7.57684351807415e-149, -1.10310852891461e-146,  2.98519234194479e-33, 7.95445689804407e-322, 0, 0, 0, 4.24399158193054e-313,  2.7745992017611e+180, 2.77448001762435e+180, 2.77448001762435e+180,  -3.43354812662356e-258, -7.57675749167252e-149, -6.18972127271003e+306,  Inf, 4.80615953437555e-306, -1.10964322872963e-146, 3.99486958247562e-310,  1.50514268760014e-154, NaN, 2.7744800222921e+180, 1.36376003014217e+160,  NaN, -1.07510326635894e-146, 3.23785921002061e-319, -1.36055837403674e+306,  NaN, NaN, NaN, NaN, NaN, NaN, Inf, NaN, NaN, NA, 8.19687411242632e+107,  7.0633167061951e-304, 0, 0, -1.62597454369671e-260, 8.19729239889408e+107,  NaN, NaN, NaN, 1.22839137907152e-305, NaN, 0), x = c(9.52682052706183e+139,  1.329427981671e-314, 0, 0, 0, 0, 4.24399158193054e-313, NaN,  NaN, NaN, NaN, NaN, 2.7744800222921e+180, NaN, NaN, -Inf, NaN,  NaN, NaN, NaN, -5.48612406879369e+303, NaN, NaN, -2.30331110816477e-156,  -2.30331110816477e-156, -2.30331110816477e-156, -2.30388236588009e-156,  NaN, -6.40666590458592e-145, -2.30341821898639e-156, 7.90728232145987e-82,  1.28822975391943e-231, 1.39067116124321e-309, 2.52115825328368e+299,  1.52485258912309e-317, NaN, -Inf, NaN, NaN, NaN, -1.62597538071963e-260,  -1.32251338995005e+308, 1.45384888379042e-101, -1.10310852891461e-146,  -1.61720638755778e-148, NaN, 1.83204497569992e-312, 2.77447923394078e+180,  2.77448001762435e+180, Inf, 2.77448007172788e+180, 1.28823034130185e-231,  4.72828194926304e-308, 2.63573432300557e-82, NaN, 3.44442210305765e+178,  NaN, NaN, 4.79260049057833e-307, 2.85274355899981e+180, NaN,  2.77448001762435e+180, 2.77448001641668e+180, -1.10319766726833e-146,  1.13855737786528e-79, -1.28585369676207e-259, 1.26018332782824e-259,  9.77579636145905e-150, -1.10310808652217e-146, -1.10310852891461e-146,  4.28920645808356e-82, 3.79243734808173e+146, -1.62630778810422e-260,  2.77478591846439e+180, 8.27582419009314e-313, 0, 2.77448001825196e+180,  2.77448001641668e+180, 2.77448001762435e+180, 1.13855737786528e-79,  -1.28585369676207e-259, 0))
result <- do.call(RaceID:::ProbFun,testlist)
str(result)