testlist <- list(v = c(NaN, -Inf, 2.77448001762435e+180, 2.77448017993493e+180,  3.8838293948447e+281, 2.77448001762435e+180, 2.77448001762435e+180,  -7.67266596152023e-149, -1.10310852891461e-146, 2.98798227325815e-310,  8.4548257148192e-315, 1.39064994160909e-309, -5.48675713784383e+303,  1.15172192934316e+164, -1.66184889781781e-148, -1.10310852890809e-146,  2.44276490656494e-85, 2.12455159605201e+183, -1.12592794746801e-146,  2.98798227206459e-310, -3.38043296574282e+221, 2.91036224748664e+101,  -7.57684351807415e-149, 8.19687411242642e+107, 8.19687411242632e+107,  8.19687411242632e+107, NaN, 1.2024538023802e+111, -1.65476287062987e+279,  2.87284834993221e-188, 1.16466726738218e+104, NaN, NaN, NaN,  NaN, NaN, NaN, -2.30331110979915e-156, -2.30331110816477e-156,  NA, -2.30331110816477e-156, 7.29112071068942e-304, -8.22918610261573e+304,  NaN, -1.10301341035534e-146, -5.55170039161444e+306, NaN, -2.30341821897354e-156,  -2.30331110816477e-156, -2.30331110816477e-156, Inf, -5.5516993870748e+306,  NaN, NaN, 2.72459932199482e-82, -1.10313405508576e-146, 2.77459920178017e+180,  3.32205970310416e+178, NaN, NA, NaN, NaN, NaN, NaN, 2.77448001543852e+180,  2.77448001762435e+180, 2.77447970846135e+180, 2.19816953728921e+209,  NaN, NaN, 2.96564643369313e-248, 9.93278454538583e-100, 4.6732025849565e-307,  -1.07509380637938e-146, -1.10310852891461e-146, -1.23094842280792e-148,  0, 0, 0, 0, 1.65780921169162e-315, 2.77448048318738e+180, 2.77448001762435e+180,  2.77448001762435e+180, 4.71325997397668e-306, 6.86628922754596e+147,  NaN, NaN, 2.72498829892464e-82, 7.04537412467411e+147, 2.63573432300896e-82,  1.75350935126629e-192, NaN, 0), w = c(NaN, NaN, 1.05935694198111e+92,  -3.40655754314834e+305, 7.06416101180429e-304, -1.06360664431608e-146,  -4.2972865934654e+304, NaN, NA, NaN, NaN, NaN, NaN, NaN, 4.01551680634724e-250,  3.22526053605166e-319, 1.11880314333695e-80, 2.10542903467468e+262,  2.77459919996156e+180, -8.36654822864507e-148, -1.12592772513212e-146,  5.43227866916878e-312, 8.74817880743181e-310, 7.77098067980446e-318,  1.22176384385441e+161, -3.75167766760458e+305, 2.79559209340844e-85,  3.79262185861395e+146, -7.5859648040774e-149, 3.23785921002061e-319,  8.69169475979376e-311, 1.26018332782824e-259, 9.77579636145905e-150,  -1.10310808652211e-146, 8.78031596126613e-310, 3.4766779039175e-310,  -5.70210285088653e+303, -1.065550726648e-255, NA, -1.89753766130877e-102,  NaN, 8.19687411242654e+107, 8.19687411242632e+107, 8.19687411242632e+107,  NaN, 1.2024538023802e+111, -1.65476287062987e+279, 2.87284834993221e-188,  4.34747190111206e+149, -1.10299909640471e-146, NaN, -5.48612519293078e+303,  1.25986739689518e-321, 8.28891957765276e-317, 1.13839265721933e-79,  8.41538531977848e+276, 2.73930745598816e-82, -1.10310852891461e-146,  1.267492988505e-259, -1.39173258598853e-258, -1.10310823213964e-146,  -5.48612519293078e+303, -3.38084305772061e+221, 4.17665228871468e+149,  NaN, 0), x = c(NaN, NaN, 0, 0, NaN, -1.77320032574829e-257, 7.21953243830878e+35,  2.48513832403112e+151, 3.47306055422595e-164, -1.06360664431603e-146,  -5.50239551397632e+303, 2.48671381753743e-316, -5.93230042499694e+190,  2.67014465089752e-307, -1.10310852891458e-146, 863.953921568627,  NaN, NaN, NaN, -Inf, 7.2911220195564e-304, -1.07509380637938e-146,  -6.19058542765087e+306, 1.16718057548654e-312, -1.10310808653258e-146,  -1.10310852891461e-146, 0))
result <- do.call(RaceID:::ProbFun,testlist)
str(result)