testlist <- list(v = c(2.77448001762435e+180, NaN, 2.77448001762435e+180,  NaN, NaN, 2.98967986989092e-310, -4.63046684267519e-164, 7.17091154350892e+149,  -5.82766839796468e+303, 7.10542735769107e-15, 1.10706108169379e-80,  -Inf, 4.13001169964417e-27, -8.94559941093338e+192, 2.85228739186315e+180,  NaN, 2.79559372203001e-85, 3.79262185861395e+146, -7.5859648040774e-149,  -1.61697632320146e-148, -2.70673783163562e-146, 1.68944827290416e-308,  1.25986739689518e-321, 0, 0, 0, 0, 0, 0, 0, -1.89753766130877e-102,  NaN, -6.59893104730326e-149, -1.10310852891461e-146, 8.05038841218973e-301,  NaN, NaN, NaN, NaN, -1.00823124635227e-258, -1.10310810144387e-146,  4.09155413791646e+149, NaN, -5.70210285088653e+303, 9.52882640459454e-44,  5.43222633441051e-312, -1.10310852890541e-146, 2.44276490656494e-85,  2.12455159605201e+183, -1.12592794746801e-146, 2.98798227206459e-310,  -3.38043296574282e+221, 2.91036224748664e+101, -7.57684351807415e-149,  8.19687411242642e+107, 8.19687411242632e+107, 8.19687411242632e+107,  NaN, 1.2024538023802e+111, -1.65476287062987e+279, 2.87284834993221e-188,  -Inf), w = c(NaN, -2.30331110816477e-156, -2.30331110816477e-156,  -2.30331110816477e-156, 1.39067113036118e-309, NaN, NaN, -1.10310815735774e-146,  NaN, NaN, -2.30331152656637e-156, -2.30331110816477e-156, -2.30331110816477e-156,  -2.30331110816477e-156, NaN, 1.390671161567e-309, NaN, -1.07509372114309e-146,  -1.10310852930411e-146, 1.1506832969174e+179, 2.77428017465996e+180,  NaN, -1.36055837404668e+306, NaN, NaN, NaN, -4.82778918053845e+305,  2.77448001762432e+180, 2.77448001762435e+180, 2.77448001761963e+180,  2.77751921359765e+180, NaN, 1.92678438515305e+46, 2.76006706153762e-135,  -1.11668384804754e-258, -1.00814639599636e-258, -1.10310810144387e-146,  -3.59531481472076e-55, 8.7581521865754e-310, 0, 0, 0, 0, -9.77579636320985e-150,  2.77448001763145e+180, Inf, 2.77448001762435e+180, 4.62852975365131e-306,  -3.54989941300678e-146, -1.10319766726833e-146, 1.13855737786528e-79,  -1.28585369676207e-259, 1.26018332782824e-259, 9.77579636145905e-150,  -9.98016578816031e-150, NaN, NaN, -6.64212012698468e-18, 1.85552504384431e+46,  1.80331613751964e-130, NaN, 2.77478592362428e+180, 1.39157915457274e-258,  -6.28079043053705e-145, -1.10310852891461e-146, 1.7916096332868e-260,  6.76506636904467e-258, 5.43227866860555e-312, -5.48529030115872e+305,  NaN, NaN, NaN, NaN, NaN, NaN, NaN, NaN, NaN, NaN, 8.19687412692222e+107,  4.01506482535548e-250, NaN, 0, -1.10310852724534e-146, 8.34402964894179e-308,  5.18065378653631e-318, 1.26746309972632e-259, -7.70830717138998e-149,  0), x = numeric(0))
result <- do.call(RaceID:::ProbFun,testlist)
str(result)