testlist <- list(v = c(-1.10310852891461e-146, 9.77579636145905e-150, NaN,  -1.05332339808227e-255, NaN, NaN, 2.64285564834185e-260, -1.1031088794566e-146,  3.03421249281475e-86, NaN, -7.57684351807415e-149, 1.22352355471224e-305,  1.83479889962712e+106, -1.62597454370318e-260, 1.22839113027376e-305,  7.29079393023459e-304, 1.949472073791e+106, 8.19687411242632e+107,  8.19687411242632e+107, 1.2981778952918e-307, NaN, 8.19782411552951e+107,  -6.50660698225751e+303, NA, 8.19687411248294e+107, NaN, 7.55090907461389e-310,  -1.77319987166314e-257, NaN, NaN, NaN, NaN, NaN, -2.30341821898639e-156,  -2.30331110816477e-156, -2.30331110816477e-156, -2.30331110816477e-156,  NaN, NaN, NaN, -1.46617926679116e-148, -2.33062437639514e-156,  -1.6122285002337e+265, 3.33761078779318e-308, 4.92032495196751e+160,  -Inf, 5.72097298745591e+103, 9.93193693889994e-100, -3.33239071128514e+305,  NaN, 4.69855092094008e-306, -1.10964322872963e-146, 2.80499116151318e+180,  9.52157095841382e-307, NaN, -3.18195195990034e+305, 5.19307756126663e-317,  0, 0, 0, 0, -5.48612447754178e+303, NaN, NaN, NaN, NaN, NaN,  -4.69526163443687e+305, NaN, NaN, NaN, NaN, NaN, NaN, NaN, NaN,  NaN, -1.49166814624004e-154, -2.30331110816477e-156, -2.30331110816477e-156,  -2.30331110816477e-156, NaN, NaN, -2.30341821898639e-156, 7.29112071068942e-304,  0), w = NaN, x = c(-3.75167766760458e+305, 8.1963925484422e+107,  8.19687411242632e+107, 8.19687411242632e+107, 1.39065792704852e-309,  2.00995441320231e-310, 2.55827853386896e-310, 8.69169475979376e-311,  6.80586152066418e+38, NaN, 1.26531950471527e+161, 4.92000048302017e+160,  -0.124019607843137, -0.124019607843137, -0.124019607843137, -0.124019607843137,  -0.124019607843137, -0.124019607843137, -0.124019607843137, -0.124019607843137,  -0.124019607843137, 849.34362745098, -1.6169667807908e-148, -Inf,  NaN, 1.16655906886902e-305, 3.23790861658519e-319, 0, 1.31508560940504e-192,  3.90362325067782e-315, NaN, 5.84081887864616e-308, 8.64823837639466e-308,  2.2250738585072e-308, Inf, -4.25174675449418e+304, -6.40666590458592e-145,  1.28220160550184e-259, 4.66127441503902e-306, -1.59978456499293e-149,  1.06877750552278e-305, 2.67014465087638e-307, -1.10310852891458e-146,  863.953921568627, NaN, 3.17590835966363e+150, -5.82766839796468e+303,  2.31407681286813e-306, -1.8163967740095e-257, 4.97976391514811e-307,  1.19502448591691e+161, -5.91457571812231e-148, 4.77829654129038e-307,  1.20294919833929e+160, 2.00095114386911e-81, 2.85279195074302e+180,  -1.10319766726833e-146, 1.18544029314124e-125, -5.70210286314911e+303,  NaN, NaN, NA))
result <- do.call(RaceID:::ProbFun,testlist)
str(result)