testlist <- list(v = c(NaN, 2.84131549442564e-307, NaN, NaN, 2.77448001762435e+180,  4.79260049057824e-307, -9.12487962974966e+192, -1.0741158939086e-146,  -1.10310852891461e-146, 1.7916096332868e-260, 3.0168752299431e-248,  NaN, 1.13839265721933e-79, 8.41538531977848e+276, 2.73930745598816e-82,  -1.10310852891461e-146, 2.77448001762435e+180, -1.39173258598853e-258,  NaN, -6.40666589312738e-145, -1.08451195571853e-146, 2.98798227206459e-310,  -3.38043296574282e+221, 2.91036224748664e+101, -7.57684351807415e-149,  8.19687411242642e+107, 8.19687411242632e+107, NaN, NaN, 1.16466726737835e+104,  1.19886369098487e+111, -1.65476287062987e+279, 2.87284834993221e-188,  NaN, NaN, NaN, NaN, -Inf, NaN, -2.30331110817115e-156, -2.30331110816477e-156,  -2.30331110816477e-156, 3.06543563448351e-115, 2.77448001762435e+180,  2.77448001762435e+180, 2.77448001762435e+180, 2.77448001762435e+180,  -4.69526163440602e+305, 1.10363663381957e-305, -Inf, 2.94173726135832e-312,  1.31508568779145e-192, 3.90362325067782e-315, 0, -3.40655754314935e+305,  2.72362414751627e+180, 2.77448001762435e+180, 2.77448001761574e+180,  2.77448001762435e+180, 2.77448001641668e+180, 0), w = NA_real_,      x = c(8.19687411242632e+107, 8.19687411242632e+107, NaN,      NaN, 8.44007490684346e+107, 2.53492666450944e-294, -1.71441377149803e+304,      1.36369246894495e+160, 6.13637485646882e-92, 2.77448001763975e+180,      2.77448001762435e+180, NaN, NaN, NaN, 2.77448121256966e+180,      -9.92615756273811e-234, 2.72340364764951e+180, -9.87435605265676e-234,      -9.87455840233694e-234, 3.79554937052967e+146, -7.5859648040774e-149,      -1.61697632320146e-148, -6.19058542768068e+306, -5.50239551397643e+303,      2.48671381753743e-316, -5.93230042499694e+190, 2.67014465089752e-307,      -1.10310852891458e-146, 863.953921568627, NaN, NaN, NaN,      NaN, 7.2911220195564e-304, -1.07509380637938e-146, -6.19058542765087e+306,      1.08230074384793e-312, 3.23785921002061e-319, 5.41896353692612e-312,      1.29086175905887e+160, 8.75252487465019e-100, -1.10310852891461e-146,      -1.61720638755778e-148, NaN, -5.48657577631782e+303, -5.48675995828552e+303,      5.64955526522151e-283, 1.15142278277226e-250, 7.06343787261419e-304,      8.25679295903193e-317, -1.81634384721819e-257, NaN, NaN,      NaN, NaN, -1.49166814624004e-154, -2.30331110816477e-156,      -2.30331110816477e-156, 1.85673013602825e+109, NaN, 1.2024538023802e+111,      -1.65476287062987e+279, 2.87284834993229e-188, NaN, NaN,      NaN, NaN, NaN, NaN, -2.30331110816479e-156, -2.30331110816477e-156,      -2.30331110816477e-156, -2.30331110816477e-156, 5.43230910297028e-312,      1.38655448973248e-309, NaN, NaN, -1.10310815735774e-146,      NaN, NaN, 1.12583522223606e-305, NaN, NaN, NaN, NaN, -2.30341821898639e-156,      -2.30331110816477e-156, -2.30331110816477e-156, -5.5516993870748e+306,      NaN, NaN, -2.30331110979915e-156, 5.43230910297028e-312,      NaN, NaN))
result <- do.call(RaceID:::ProbFun,testlist)
str(result)