testlist <- list(v = NA_real_, w = c(-1.10310852891461e-146, NA, 1.74431449207969e-308,  7.29111854289638e-304, 1.28220098524628e-259, -1.98888051942091e-147,  -7.57684352476211e-149, -1.10310852891461e-146, 4.31312636079786e-82,  844.674804687489, -6.19058543528392e+306, NaN, -3.38084306395377e+221,  -1.00814639600149e-258, 8.30480095183944e+107, 8.19687411242632e+107,  8.19687411242632e+107, -5.56024199995058e+303, NaN, 8.19687782337594e+107,  NaN, -1.06548130191873e-255, 1.26018332782824e-259, NaN, NaN,  Inf, NaN, NaN, -1.49166814624004e-154, -2.30331110816477e-156,  -2.30331110816477e-156, -2.30331110816477e-156, -2.30331110816477e-156,  NaN, NaN, -5.82900682309329e+303, -5.55307629664494e+306, 1.39067113036118e-309,  NaN, -2.30331110816479e-156, -2.30331110816477e-156, -2.30331110816477e-156,  -2.30331110816477e-156, NaN, NaN, 4.86271355728241e+179, -6.64212012698468e-18,  -1.10310852891461e-146, 2.77447945340187e+180, NaN, -1.36055876906083e+306,  NaN, NaN, NaN, NaN, 2.73780784900488e+180, 2.77448001762435e+180,  4.76482363730575e+179, NA, NaN, NaN, -1.59985281704443e-149,  1.22169800628894e+161, -1.61703148677611e-148, 1.22839110481529e-305,  -1.10310852891459e-146, 8.78434775326897e-310, 5.22026549969163e-317,  0, 0, 0, 2.781342323134e-308, 3.65808074582728e+181, 2.77448001762435e+180,  2.77448001762435e+180, 2.77448001762435e+180, 4.66083586219132e-306,  -9.98017108214494e-150, NaN, NaN, -6.64212012698468e-18, 1.85552504384431e+46,  1.80331613751964e-130, NaN, 0), x = c(-2.30331110816477e-156,  Inf, NaN, -2.30341821898639e-156, 7.29112071068942e-304, NaN,  NaN, 2.75421871115391e+180, 2.77448001762435e+180, NaN, -1.65455612825194e-260,  NaN, NaN, NaN, -1.62597538071963e-260, 1.22839074484969e-305,  NaN, NaN, -1.61706616931216e-148, NaN, -5.48657577631782e+303,  -5.48675995828552e+303, -1.49166814357214e-154, -1.6122285002337e+265,  NaN, 2.12455197126707e+183, 2.77448001641668e+180, 2.77245388697548e+180,  9.77579634499e-150, -1.08157921785837e-146, NaN, NaN, -2.30331152656637e-156,  -2.30331110816477e-156, -2.30331110816477e-156, -2.30331110816477e-156,  NaN, 1.390671161567e-309, NaN, -1.07509372114309e-146, -1.10310852930411e-146,  1.1506832969174e+179, 2.77428017465996e+180, NaN, -1.36055837404668e+306,  NaN, NaN, NaN, -4.82778918053845e+305, 2.77448001762432e+180,  2.77448001762435e+180, 2.77448001761963e+180, 2.77751921359765e+180,  NaN, 1.92678438515305e+46, 2.76006706153762e-135, -1.11668384804754e-258,  NaN, NaN, NaN, -2.30331110817115e-156, Inf, -2.30331110816477e-156,  NaN, NaN, NaN, 0))
result <- do.call(RaceID:::ProbFun,testlist)
str(result)