testlist <- list(v = c(2.78482707563589e-82, 1.10706108169379e-80, 1.70560220799449e+262,  4.13001169964417e-27, -8.94559941093338e+192, 2.85228739186315e+180,  NaN, 2.79559372203001e-85, 3.79262185861395e+146, -7.5859648040774e-149,  1.29082092909626e+160, 844.674803490791, -2.35622551988064e-50,  3.84096253354195e-250, 3.22526053605166e-319, 3.74609826037919e+146,  1.19687402705042e-319, 0, 0, 0, 0, 0, 4.172013484701e-309, 1.30072679897483e-259,  9.77579636145905e-150, -1.10310808652211e-146, -1.10310852891461e-146,  NaN, NaN, NaN, NaN, NaN, 1.22839110482636e-305, -1.10310852891459e-146,  2.00095114634303e-81, 2.85279195074302e+180, -1.10319766726833e-146,  1.16718057502212e-312, -2.27610495950584e-159, -2.30331110816477e-156,  -2.30331110816477e-156, -2.30331110816477e-156, 7.29112071068942e-304,  -6.82909415019768e-259, 1.68870350955569e-260, -8.94559941093327e+192,  -4.34647682852967e+149, 2.34391196230039e+186, 1.83655322959566e-190,  1.43841680742872e+161, 1.9377203444371e+162, 2.78482707563589e-82,  2.10542903467468e+262, 2.99136656855653e+277, 1.77728769900075e+159,  4.01100666710454e+149, NaN, -5.70210285088653e+303, NaN, 7.06331669265208e-304,  0, NA, 0, 0, 0, 0, 0, 3.13151306251402e-294, 1.70927326488232e-77,  NaN, NA, -1.10310852891461e-146, NaN, NaN, 2.78482707563589e-82,  NaN, NaN, -1.61696678468289e-148, -1.10310852890809e-146, 2.44276490656494e-85,  Inf), w = c(-1.08838732993296e-146, NA, 9.62628031646638e-307,  NaN, 1.26018332782824e-259, 1.30375421397702e-310, 1.21589239592044e+161,  -5.91457571812231e-148, 4.77829654129038e-307, 1.20294919833929e+160,  2.00095114386911e-81, 2.85279195074302e+180, 2.00995441320912e-310,  2.55827853386896e-310, 1.22824076989598e-305, NaN, NaN, -1.51771007211761e+82,  -1.3225133899631e+308, 1.45384888379042e-101, -1.10310852891461e-146,  -1.61720638755778e-148, NaN, NaN, -6.32001492725033e+306, NaN,  2.24625996845344e-308, 0, -6.1905854182798e+306, 1.16718057548654e-312,  3.23785921002061e-319, 2.01037880912259e-310, 6.92446207850139e+274,  1.22176384420301e+161, NaN, 8.44982544108314e-308, -3.33212285245057e+305,  1.19356378722328e-319, 0, 6.47581723317039e-318, 2.77448001944296e+180,  2.77448001762435e+180, 2.77448001762435e+180, -1.68094570609781e-260,  5.84081887859329e-308, 8.64823837639466e-308, 2.2250738585072e-308,  1.79266204419481e-310, -4.25174675449418e+304, NaN, NaN, NaN,  NaN, NA, -6.20695021003566e-145, Inf, -6.40666589312738e-145,  4.79260049057824e-307, NaN, NA, -1.10310852891461e-146, 1.7916096332868e-260,  -1.10310852890809e-146, 3.03421249281475e-86, NaN, NaN, NaN,  8.44007490684313e+107, -7.57675806467046e-149, -1.10310862862622e-146,  5.72065048347871e+103, 1.22839111491212e-305, 1.20794052510925e+161,  8.62314579733939e-308, 0), x = -4.63046684267519e-164)
result <- do.call(RaceID:::ProbFun,testlist)
str(result)