testlist <- list(v = c(2.78482707563589e-82, NaN, 1.16828863030144e-308,  -3.34646089983646e-111, 1.17022044340809e+214, 1.13046637199097e-258,  -5.5490799408936e+303, 2.78309107290015e+180, -2.35626584374093e+305,  9.93193693889994e-100, NaN, 2.12455159605201e+183, -1.12592794746801e-146,  3.01687460740344e-248, 5.41109320051449e-312, -Inf, 0, 0, 0,  0, 0, 0, -Inf, -1.60002261016404e-149, 4.72828194932162e-308,  -1.10310852718651e-146, -6.19058542765087e+306, NaN, NaN, NaN,  NaN, Inf), w = c(NaN, -6.92770822013587e-258, 1.22176384319977e+161,  0, 0, 0, 0, 0, -1.06559867497128e-255, 4.77829528191517e-307,  1.2029494528761e+160, 4.17665227839069e+149, -1.10299909640471e-146,  -1.10310852891461e-146, 1.22634489398697e-305, 0, 0, 2.37636445786895e-212,  -1.1029542246779e-146, -Inf, 2.77448001762435e+180, 2.77448001762435e+180,  -1.26021586856333e-259, 4.81323093985462e-307, NaN, NaN, 7.04520836682707e+147,  -1.66353961706015e-260, 3.89585200814323e-315, NaN, 2.85279195360568e+180,  2.77448001762435e+180, -3.40655754314834e+305, 6.76506636904467e-258,  Inf, NaN, NaN, NaN, -2.30331110817115e-156, -2.30331110816477e-156,  -2.30331110816477e-156, -2.30331110816477e-156, 1.28137309871436e-307,  5.64955526523068e-283, 1.20793014420531e+161, 8.62314579733939e-308,  5.41117183489103e-312, -6.41980598849603e-145, 6.16306813044978e-31,  2.85228739186318e+180, 3.65789204999879e+181, 2.77448001762435e+180,  -5.62224768185165e+303, 7.29079393023452e-304, -1.59978456499293e-149,  Inf, 1.22174090885952e+161, 4.8726673860943e-190, 1.79406114166035e+159,  2.81011657711966e+151, 1.26749298849904e-259, -1.39173258598853e-258,  -1.1031088771113e-146, 3.84096253354195e-250, 1.62969279971393e-311,  -1.60002261016404e-149, 4.72828194932162e-308, -1.10310852718651e-146,  -6.19058542765087e+306, NaN, NaN, NaN, NaN, NaN, 2.73930630202376e-82,  -1.10310852891461e-146, 1.27963476101062e-307, 2.12196341187911e-314,  1.39064994160909e-309, 1.70927326488232e-77, NaN, NaN, NaN, NaN,  NaN, NaN, -2.30331110817115e-156, -2.30331110816477e-156, -5.5516993870748e+306,  -1.0741158939086e-146, -1.10310852891461e-146, -6.04498561749911e+303,  -1.12592794746804e-146, Inf, 3.03615300761268e-79, NA, 6.92446207851084e+274,  0), x = c(1.16655906886902e-305, NaN, 0, 0, 4.28316504046237e-82,  6.08292886066953e+247, 1.33902515002391e-314, 2.37636445786895e-212,  -1.1029542246779e-146, 2.77448001762435e+180, 2.75421871113567e+180,  2.77448001762435e+180, NaN, NaN, -1.77320032574829e-257, 1.22176358702502e+161,  1.2283912889123e-305, 2.73930630202366e-82, -1.10310852891461e-146,  2.63595592567274e-82, 2.03915714008058e-319, 0, 0, 0, 1.08646184497422e-310,  2.80499115663326e+180, 2.77448001762435e+180, 2.77448001762435e+180,  3.8838293948447e+281, 2.7244629919438e-82, -1.0636883942036e-146,  NaN, -1.06559867695611e-255, -3.54990026793784e-146, 3.33761078777277e-308,  4.92032495196751e+160, 1.01685603085403e+146, 5.72097298745591e+103,  9.93193693889994e-100, 4.31599063915945e-13, 2.77448001762435e+180,  2.77448001762435e+180, 2.78511720353091e+180, 2.77448001762435e+180,  NA, -Inf, -4.69526163440602e+305, NaN, NaN, NaN, NaN, NaN, NaN,  1.3852398596555e-309, -2.30331110817109e-156, -2.30331110816477e-156,  -2.30331110816477e-156, NaN, -Inf, NaN, -5.5516993870748e+306,  NaN, NaN, 2.77478592362428e+180, 2.77448001762433e+180, 9.52157085234358e-307,  1.79266204419481e-310, -4.25174675449418e+304, -6.40666590458592e-145,  1.28220160550184e-259, 4.66127441503902e-306, -1.59978456499293e-149,  4.72828194932162e-308, -1.10310852718651e-146, NA, 9.56678608114857e-82,  8.07318536090582e+107, 2.88100900351069e+277, NaN, -5.93267857379134e+190,  -1.10319766726833e-146, 1.13855737786528e-79, -1.28585369676207e-259,  1.26018332782824e-259, 9.77579636145905e-150, -1.10310808652217e-146,  -1.10310852891461e-146, 4.28920645808356e-82, -1.10310852891461e-146,  0))
result <- do.call(RaceID:::ProbFun,testlist)
str(result)