testlist <- list(v = c(2.72332021874044e+180, NaN, 5.4857290546343e+303,  NaN, NaN, NaN, 2.12455197126707e+183, 2.77448001761581e+180,  -7.57684351807557e-149, -1.10310852891461e-146, 7.10542737431329e-15,  1.10706108169379e-80, 1.70560220799449e+262, 4.13001169964417e-27,  -8.94559941093338e+192, 2.85228739186315e+180, NaN, 2.79559372203001e-85,  3.79262185861395e+146, -7.5859648040774e-149, -1.61697632320146e-148,  -2.70673783163562e-146, 1.68944827290416e-308, 1.25986739689518e-321,  0, 0, 0, 0, 0, 0, 0), w = c(-1.60002261016404e-149, -1.10310852891461e-146,  NaN, NaN, NaN, NaN, NaN, -1.60002261016404e-149, -1.10310810144387e-146,  4.09155413791646e+149, NaN, -5.70210285088653e+303, 9.52882640459454e-44,  5.43222633441051e-312, NaN, 1.13855737786528e-79, -1.28585369676207e-259,  1.26018332782824e-259, 9.77579636145905e-150, -1.10310808652211e-146,  -1.10310852891461e-146, 8.62458486566535e-169, 1.84041750245379e+106,  -1.72759794661899e-260, -8.978629966636e+303, -1.81842130657624e-257,  -1.07509380638606e-146, -6.19058542765087e+306, -7.5859648040774e-149,  -1.61697632320146e-148, NaN, 7.29023199002439e-304, -3.38084306397812e+221,  843.875162129346, 8.19729570164278e+107, 8.19687411242632e+107,  8.19687411242632e+107, NaN, NaN, 8.19687412692222e+107, NaN,  4.80615708347042e-306, -1.59978456499293e-149, NaN, NaN, NaN,  NaN, NaN, -2.33073147850006e-156, -2.30331110816477e-156, -2.30331110816477e-156,  -1.60002261016404e-149, -5.5516993870748e+306, NaN, -5.48612406876344e+303,  4.51166215498233e-10, -1.47412053736974e-154, 5.43230910297028e-312,  NaN, -2.30331110816477e-156, -2.30331110816477e-156, 0), x = c(1.21327258647584e-305,  0, 0, 0, 0, 2.37636445786895e-212, -1.1029542246779e-146, NaN,  NaN, NaN, 6.73197581550629e-81, 1.19511565902113e+161, NaN, NaN,  NaN, -1.60002292038292e-149, 1.16473219994397e+104, 1.17826781095047e-125,  -1.71441377148795e+304, NaN, NaN, NaN, 4.79260388574354e-307,  NaN, NaN, 1.26018361349789e-259, 4.40930396382566e-193, 7.90728232141204e-82,  0, NaN, NaN, NaN, 7.2911220195564e-304, -1.07509380637938e-146,  -6.19058542765087e+306, 1.16718057548654e-312, 3.23785921002061e-319,  2.12196341187911e-314, 2.93230217350828e-312, -5.93230041175308e+190,  2.67014465089752e-307, -1.10310852891458e-146, 863.953921568627,  NaN, 4.69003513780438e-310, 6.6023785329139e-310, NaN, 2.94173887398858e-312,  6.92446207851084e+274, 1.22176384420301e+161, NaN, 8.44982544108314e-308,  -3.33212285245057e+305, -3.27585791572626e+221, 1.27661649331387e-305,  2.73930630202366e-82, 8.19687411245145e+107, 8.19687411242632e+107,  8.19687411242632e+107, -1.68115287298825e-260, -6.64174085635262e-18,  -6.22055912195747e+189, NaN, -1.62597538564973e-260, -1.32251338995005e+308,  NaN, NaN, NaN, NaN, NaN, -2.30331110979915e-156, -2.30331110816477e-156,  -2.30331110816477e-156, -2.30331110816477e-156, 7.29112071068942e-304,  -8.22918610261573e+304, NaN, -1.10301341035534e-146, -5.55170039161444e+306,  NaN, -2.30341821897354e-156, -2.30331110816477e-156, -2.30331110816477e-156,  -2.30331110816477e-156, NaN, 7.2911220195564e-304, NaN, -7.57675828179168e-149 ))
result <- do.call(RaceID:::ProbFun,testlist)
str(result)