testlist <- list(v = c(8.71475516776216e-308, 2.77448001762435e+180, 9.62628031646638e-307,  NaN, 1.26018332782824e-259, 8.71475516776216e-308, 1.16466726737831e+104,  -6.38740260201121e-145, 4.77829654129038e-307, 1.20294919833929e+160,  3.31649972017825e+178, 2.77448001762435e+180, 2.77448001542036e+180,  2.77448001762435e+180, 2.77447970846135e+180, 2.77448001762435e+180,  2.77448001762435e+180, 2.77448001542036e+180, 2.77448001762435e+180,  2.77447970846135e+180, 2.19816953728921e+209, NA, 2.77802574626235e+180,  2.7745215691318e+180, 2.77448001762435e+180, 2.77448001762435e+180,  8.19687411243135e+107, 8.19687411242632e+107, 8.19687411242632e+107,  NaN, NaN, -6.2202391998832e+189, NaN, 2.12199567634204e-314,  1.28165166976155e-305, 3.59201270752749e+102, NaN, NaN, NaN,  NaN, NaN, NaN, 2.77440206684119e+180, 2.77448001762435e+180,  6.92064648872507e-172, 2.77448001762435e+180, 2.77448001762435e+180,  2.77448001762433e+180, 2.77449188948362e+180, 6.84568365052401e+180,  2.77448001783569e+180, 2.77448001762683e+180, 2.77448001762435e+180,  2.77448001762435e+180, 1.44059247223433e+214, 3.8838293948447e+281,  6.08113124126605e-13, 2.77448001762435e+180, NaN, NA, NaN, -7.57684351807415e-149,  -1.10310852891461e-146, 2.77428136960527e+180, 2.77448001641668e+180,  3.55251418678954e+180, 2.77448001762435e+180, 2.77449386812684e+180,  2.77448017993493e+180, 2.77448001762435e+180, 2.77448001762435e+180,  2.78511720353091e+180, 2.77448001762518e+180, 2.77448001762683e+180,  0), w = c(2.77448001762435e+180, NaN, 4.72438534326915e-306,  Inf, 9.77579636145905e-150, Inf, 4.49608285762905e+43, -1.10310852890786e-146,  -1.05332339807941e-255, -1.07510278903436e-146, 1.2553953967496e-305,  -7.58596480133518e-149, NaN, NaN, NaN, NaN, -1.06559867695611e-255,  1.20687604847946e+111, -1.68533731393342e+308, -1.08764803882915e-146,  NA), x = c(NaN, 3.42456724871829e-312, 8.74601785204247e-310,  -1.10310808652218e-146, -1.10310852891461e-146, 2.08984185249049e-317,  2.64285525462208e-260, -1.10310852891459e-146, 1.9885477444089e-81,  7.06416448095867e-304, -7.58600210497819e-149, -1.61697632320146e-148,  NaN, 7.29023199002439e-304, 3.40967176796892e-304, 2.77448001762435e+180,  2.77447945340187e+180, 2.77448001762435e+180, 2.77440087189588e+180,  2.77448001762435e+180, 2.77448001762435e+180, NA, 2.77448001762435e+180,  2.77440087189588e+180, 2.77448001762435e+180, 2.77448001762435e+180,  3.68218654895109e+180, 2.78511720353091e+180, 2.77448001762435e+180,  2.77448001762435e+180, 3.8838293948447e+281, 2.77448007172788e+180,  2.77448017993493e+180, 2.77447970846135e+180, 2.77448001762435e+180,  NaN, -5.48612406876344e+303, -Inf, -1.47412053736974e-154, 5.43230910297028e-312,  3.9313713322291e-236, -2.30331110816477e-156, -2.30331110816477e-156,  -2.30331110816477e-156, -2.30331110816477e-156, NaN, NaN, -1.38157024509604e-258,  -3.54990026793784e-146, 3.65808274464489e+181, 2.77448001542036e+180,  NaN, 5.98008216632976e+197, NaN, NaN, NaN, NaN, 2.77433676696568e+180,  1.7092732648873e-77, NaN, -1.10299527643412e-146, -1.10310852891461e-146,  NaN, NaN, NaN, -Inf, NaN, -1.61696678468289e-148, -1.07524750927033e-146,  7.29112201455015e-304, 1.39064994160936e-309, NaN, -0.00023651123046875,  -0.124019607843137, 1.36385805971734e-43, 0))
result <- do.call(RaceID:::ProbFun,testlist)
str(result)