testlist <- list(v = c(2.21294308866867e-308, NaN, 1.16655906886902e-305,  3.23790861658519e-319, 0, 1.31508560940504e-192, 3.90362325067782e-315,  NaN, 5.84081887864616e-308, 8.64823837639466e-308, 2.2250738585072e-308,  -2.30331152656635e-156, -2.30331110816477e-156, -2.30331110816477e-156,  NaN, NaN, -2.30341821898639e-156, 7.29112071068942e-304, NaN,  NaN, 2.75421871115391e+180, 2.77448001762435e+180, NaN, -1.65455612825194e-260,  NaN, NaN, 7.76889549054915e-121, 0, -1.32241563426566e+308, 1.45384888379042e-101,  -1.10310852891461e-146, -1.61720638755778e-148, NaN, -5.48657577631782e+303,  -5.48675995828552e+303, 1.15172192934316e+164, -1.66184889781781e-148,  -1.10310852890809e-146, 2.44276490656494e-85, 2.12455159605201e+183,  -1.12592794746801e-146, 2.98798227206459e-310, -3.38043296574282e+221,  2.91036224748664e+101, -7.57684351807415e-149, 8.19687411242642e+107,  8.19687411242632e+107, 8.19687411242632e+107, NaN, 1.2024538023802e+111,  -1.65476287062987e+279, 2.87284834993221e-188, 1.16466726738218e+104,  NA, NaN, NaN, NaN, NaN, NaN, -2.30331110817115e-156, -2.30331110816477e-156,  -2.30331110816477e-156, -2.30331110816477e-156, 1.39067113036118e-309,  NaN, Inf, -1.10310815735774e-146, NaN, NaN, -2.30331152656637e-156,  -2.30331110816477e-156, -2.30331110816477e-156, -2.30331110816477e-156,  NaN, 1.390671161567e-309, NaN, -1.07509372114309e-146, -1.10310852930411e-146,  1.1506832969174e+179, 0), w = c(2.77448001762432e+180, 2.77448001762435e+180,  2.77448001761963e+180, 2.77751921359765e+180, NaN, 1.92678438515305e+46,  2.76006706153762e-135, -1.11668384804754e-258, -1.00814639599636e-258,  -1.10310810144387e-146, -3.59531481472076e-55, 8.7581521865754e-310,  0, NA, 0, 0, -9.77579636320985e-150, 2.77448001763145e+180, 2.77448001762435e+180,  -Inf, 4.62852975365131e-306, -3.54989941300678e-146, NaN, NaN,  -1.07509372339746e-146, 6.94063252300986e+147, 2.55318557380218e-310,  2.52115825328368e+299, NaN, 2.77448001762435e+180, 1.15142278277626e-250,  7.06343787261419e-304, NaN, NaN, Inf, NaN, NaN, NaN, NaN, NaN,  NaN, NaN, NaN, NaN, 4.01551680634724e-250, 3.22526053605166e-319,  6.80586149531117e+38, NaN, -1.12617174104049e-146, -0.124016463756561,  -0.124019607843137, -0.124019607843137, -0.124019607843137, -0.124019607843137,  -0.124019607843137, -0.124019607843137, -6.60775650171312e-257,  1.80374863427873e-312, 1.28822975391943e-231, 4.72828194926304e-308,  2.63573432300557e-82, NaN, 1.13855737786528e-79, -1.28585369676207e-259,  Inf, 5.1668521666833e-232, NaN, -1.0877518013205e-152, 8.28904605845809e-317,  0, 4.38361869801681e-193, 9.99327552292098e-313, -5.48620778040363e+303,  1.80331614300415e-130, 7.90728232141204e-82, 1.28822975391943e-231,  4.72828194926304e-308, NaN, NaN, 1.13855737786528e-79, -1.28585369676207e-259,  -1.59978475604349e-149, 1.1898643942804e+102, NaN, -6.59893104730326e-149,  -1.10310852891461e-146, 8.05038841218973e-301, -1.10310808652211e-146,  0), x = c(5.72097298745591e+103, 8.19687411242621e+107, 8.19687411242632e+107,  1.19797449363064e+156, 3.23785921002061e-319, 2.67846525103639e-306,  5.95645542626207e-320, NaN, NaN, 9.52682052708715e+139, 1.329427981671e-314,  0, 0, 0, 0, 4.24399158193054e-313, NaN, NaN, NaN, NaN, NaN, 2.7744800222921e+180,  NaN, NaN, NaN, NaN, NaN, NaN, NaN, -5.48612406879369e+303, NaN,  NaN, 6.80668335435666e+38, NaN, 1.26531950471527e+161, -0.124019585170917,  -0.124019607843137, -0.124019607843137, -0.124019607843137, -0.124019607843137,  -0.124019607843137, -0.124019607843137, -0.124019607843137, -0.124019607843137,  -0.124019607843137))
result <- do.call(RaceID:::ProbFun,testlist)
str(result)