testlist <- list(v = 2.77448001543852e+180, w = c(2.96564643369313e-248,  9.93278454538583e-100, 4.6732025849565e-307, -1.07509380637938e-146,  -1.10310852891461e-146, -1.23094842280792e-148, 0, 0, 0, 0, 1.65780921169162e-315,  2.77448048318738e+180, 2.77448001762435e+180, 2.77448001762435e+180,  4.71325997397668e-306, 6.86628922754596e+147, 5.16660210126304e-232,  NaN, -1.0877518013205e-152, 0, 0, 0, 0, 0, -1.06360664431603e-146,  1.15142278277627e-250, 7.06343787261419e-304, NaN, NaN, NaN,  NaN, NaN, -1.03345236835476e+201, NaN, 1.55468138025575e+165,  7.90505033345994e-322, 0, 0, 0, NaN, -9.77579636320985e-150,  2.04429542279733e-319, -5.48620778040363e+303, 2.67008884903946e-307,  NaN, -6.19109101163368e+306, NaN, -1.10299909640471e-146, -1.10310852891461e-146,  2.67014465089749e-307, -1.10310852891458e-146, 5.23347582693013e-317,  -2.25789611979694e-156, -2.30331110816477e-156, -2.30331110816477e-156,  -5.5516993870748e+306, NA, NaN, 2.72459932199482e-82, -1.10313405508576e-146,  2.77459920178017e+180, 3.32205970310416e+178, NaN, NaN, NaN,  NaN, NaN, NaN, 2.77448001543852e+180, 2.77448001762435e+180,  2.77447970846135e+180, 2.19816953728921e+209, NaN, -1.32251338995009e+308,  1.45384888379042e-101, NaN, -1.61720638755778e-148, NaN, 7.14067364067038e+165,  NaN, NaN, NaN, -6.8290941502734e-259, 1.68870350955569e-260,  -8.94559941093327e+192, -4.34647682852967e+149, 0), x = c(8.19687411242632e+107,  8.19687411242632e+107, 7.29056692361844e-304, 5.8408188785814e-308,  8.64823837639466e-308, 2.2250738585072e-308, 1.79266204419481e-310,  -4.25174675449418e+304, 1.15172193140306e+164, -0.124013803754833,  -0.124019607843137, -0.124019607843137, -0.124019607843137, -0.124019607843137,  -0.124019607843137, -0.124019607843137, -0.124019607843137, -0.124019607843137,  -0.124019607843137, -6.95891599218521e-258, 843.875162129327,  5.1668521666833e-232, NaN, -1.0877518013205e-152, 8.28904605845809e-317,  0, 4.38361869801681e-193, 9.99327552292098e-313, -5.48620778040363e+303,  1.80331614300415e-130, 7.90728232141204e-82, 843.875488281221,  -1.1031085272448e-146, NaN, 7.29023199002439e-304, -5.48612406879369e+303,  1.25986739689518e-321, 2.52115825328368e+299, -2.30331041598567e-156,  -2.30331110816477e-156, 2.01890044860109e-319, 9.77579634498991e-150,  3.99486950920064e-310, NaN, -1.06559867622445e-255, 3.03615300761268e-79,  2.69058914210369e-82, NaN, -1.10299527643412e-146, -2.56837468807262e-156,  863.953921553668, -2.27130051001866e-156, -2.30331110816477e-156,  NaN, NaN, 4.69003513780438e-310, -1.1031951276277e+217, 4.17665228871468e+149,  2.07019606960368e+109, 8.19687411242632e+107, 8.19687411242632e+107,  1.2981778952918e-307, NaN, 8.19782411552951e+107, -6.50660698225751e+303,  NaN, 2.69058914210369e-82, NaN, NaN, NaN, -5.48612406879369e+303,  NaN, NaN, -2.30331110816477e-156, -2.30331110816477e-156, -2.30331110816477e-156,  -2.30331110816477e-156, 4.67265849805831e-307, -4.5091311439022e+110,  7.13901215356404e-304, -2.56837468805942e-156, 7.2911207106895e-304,  -8.22918610261573e+304, -2.30331110817115e-156, -2.30331110816477e-156,  -2.30331110816477e-156, -2.30331110816477e-156, NaN, -1.61222850023374e+265,  4.65661287307739e-10, 7.04520836682685e+147, -1.10310852891462e-146,  2.77433557666992e+180, NaN, NaN, NaN, NaN, -5.48612406879369e+303,  NaN))
result <- do.call(RaceID:::ProbFun,testlist)
str(result)