testlist <- list(v = c(-5.93230041175308e+190, 2.67014465089752e-307, -1.10310852891458e-146,  863.953921568627, NaN, 4.69003513780438e-310, 6.6023785329139e-310,  NaN, 130680.664422446, -1.1031085272448e-146, 3.87096750002232e+146,  NaN, -6.20695021000751e-145, 1.27963475978841e-307, -3.27585791571656e+221,  1.27661649331387e-305, 2.73930630202366e-82), w = c(8.19687411242632e+107,  NaN, NaN, -6.2202391998832e+189, NaN, -1.62597538564973e-260,  -1.32251338995005e+308, NaN, NaN, NaN, NaN, NaN, 1.77939328696115e+87,  -2.30331110816477e-156, -2.30331110816477e-156, -2.30331110816477e-156,  7.29112071068942e-304, -8.22918610261573e+304, NaN, -1.10301341035534e-146,  -5.55170039161444e+306, NaN, -2.30341821897354e-156, -2.30331110816477e-156,  -2.30331110816477e-156, -2.30331110816477e-156, NaN, 7.2911220195564e-304,  NaN, -7.57675828179168e-149, -1.10310862862622e-146, 6.92064765002293e-172,  1.55041417255563e-310, 1.22176384385438e+161, -3.75167766760458e+305,  8.1963925484422e+107, 8.19687411242632e+107, 8.19687411242632e+107,  1.39065792704852e-309, 2.00995441320231e-310, 2.55827853386896e-310,  8.69169475979376e-311, 6.80586152066418e+38, NaN, 1.26531950471527e+161,  -0.124019585170917, -0.124019607843137, -0.124019607843137, -0.124019607843137,  -0.124019607843137, -0.124019607843137, -0.124019607843137, -0.124019607843137,  -0.124019607843137, -0.124019607843137, 849.34362745098, -1.6169667807908e-148,  2.21294308866867e-308, NaN, 1.16655906886902e-305), x = c(849.297446022782,  -1.6169667807908e-148, 0, 5.72064845922962e+103, 0, 5.72064845922962e+103,  0, 0, 5.8536377186878e+170, 5.85363771868791e+170, 7.54792764426247e+168,  5.85363771868791e+170, -3.30593503142059e+192, -7.20821257036864e+221,  2.83051516514162e-32, NaN, NA, NaN, 843.87548828125, -1.1031085272448e-146,  3.87096750002232e+146, NaN, 7.06383507809916e-304, -1.10310820957295e-146,  5.43686852398917e-312, -5.48612406879369e+303, 1.22176343618644e+161,  5.41063458111795e+159, -1.65990432316686e-260, -1.10310852890809e-146,  -1.10310852891461e-146, -1.10310852891461e-146, 8.05038841218973e-301,  NaN, NaN, NaN, NA, -1.00823124635227e-258, NaN, 9.52682052708715e+139,  1.329427981671e-314, 0, 0, 0, 0, 4.24399158193054e-313, NaN,  NaN, NaN, NaN, NaN, 2.7744800222921e+180, NaN, NaN, NaN, NaN,  NaN, NaN, NaN, -5.48612406879369e+303, NaN, NaN, -2.30331110816477e-156,  -2.30331110816477e-156, -2.30331110816477e-156, NaN, NaN, -2.33073147850006e-156,  NaN, NaN, NaN, 4.76482364314044e+179, 0))
result <- do.call(RaceID:::ProbFun,testlist)
str(result)