testlist <- list(v = c(1.52485258912309e-317, NaN, 1.85550040157723e+46,  NaN, NaN, NaN, 1.16466726737369e+104, NaN, -6.59893104730326e-149,  -1.10310852891461e-146, 8.05038841218973e-301, -1.06559826235132e-255,  -1.62597506665163e-260, -1.62597537959263e-260, -1.32251338995005e+308,  1.45384888379042e-101, -1.10310852891461e-146, -1.61720638755778e-148,  NaN, 1.83204497569992e-312, 2.77447923394078e+180, 2.7745215691318e+180,  2.77448001762435e+180, 2.77448001762436e+180, 2.77448001762433e+180,  NaN, 2.9323024972942e-312, -5.93230041175308e+190, 2.67014465089752e-307,  -1.10310852891458e-146, 863.953921568627, NaN, 4.69003513780438e-310,  -1.67422147887589e-260, 1.68870350955569e-260, 7.17091154350667e+149,  -5.82766839796468e+303, -9.77579636334044e-150, 1.10706108169379e-80,  8.71475516776216e-308, 5.80830476757912e+180, 2.77448048318035e+180,  -1.08838732968532e-146, -1.10319766639984e-146, -1.62597609433667e-260,  3.41725734665039e-312, 6.92446207851084e+274, 1.22176384420301e+161,  -1.04492879585812e-255, 1.38523985933177e-309, -4.25174615331511e+304,  -6.03341950748825e+306, 1.2283911319647e-305, NaN, 7.06331669265208e-304,  -1.51771007211761e+82, -1.3225133899631e+308, 1.45384888379042e-101,  -1.10310852891461e-146, -1.61720638755778e-148, NaN, -1.06559867695611e-255,  1.68869575630488e-260, -8.94559941093327e+192, -9.92615757076313e-234,  -9.9261575707946e-234, -1.58736879764579e-151, NaN, -2.30341821897354e-156,  -2.30331110816477e-156, -2.30331110816477e-156, -2.30331110816477e-156,  NaN, 7.2911220195564e-304, NaN, -7.57675828179168e-149, -1.10310862862622e-146,  3.33869724962622e-308, 8.64823668543306e-308, NaN, 5.4857290546343e+303,  NaN, NaN, NaN, 2.12455197126707e+183, 2.77448001761581e+180,  2.77448001762435e+180), w = c(2.77448001762435e+180, 1.20294919833929e+160,  2.77448047861503e+180, 2.7745215691318e+180, 2.77448001762435e+180,  2.77448001762435e+180, 1.26746309730401e-259, 8.64932274781578e-308,  2.2250738585072e-308, 0, 0, 0, 0, 0, 0, 0, 0, 0, 0, 0, 0, 0,  0, 0, 0, 0, 0, 0, 0, 0, 0, 0, 0, 0, 0, 0, 0, 0, 0, 0, 0, 0, 0,  0, 0, 0, 0, 0, 0, 0, 0, 0, 0, 0, 0, 0, 0, 0, 0, 0, 0, 0), x = c(5.72097298745591e+103,  8.19687411242621e+107, 8.19687411242632e+107, 1.19797449363064e+156,  3.23785921002061e-319, 2.67846525103639e-306, 5.95645542626207e-320,  2.52058090818112e-192, 2.22507424886948e-308, 1.79266204419481e-310,  1.30375421397262e-310, 1.21589239592044e+161, -5.91457571812231e-148,  4.77829654129038e-307, 1.20294919833929e+160, -0.122533738466126,  -0.124019607843137, -0.124019607843137, -0.124019607843137, -0.124019607843137,  -0.124019607843137, 32.5292892156863, -6.95840986775617e-258,  843.875162129327, 5.1668521666833e-232, NaN, -1.0877518013205e-152,  8.28904605845809e-317, 0, 4.38361869801681e-193, 9.99327552292098e-313,  -5.48620778040363e+303, 1.80331614300415e-130, 7.90728232141204e-82,  1.28822975391943e-231, 4.72828194926304e-308, 2.63573432300557e-82,  NaN, 1.13855737786528e-79, -1.28585369676207e-259, 1.26018332782824e-259,  9.77579636145905e-150, -1.10310808652211e-146, -1.10310852891461e-146,  2.64285525614923e-260, -1.06559826235257e-255, -1.62597506665163e-260,  3.9948692760772e-310, NaN, NaN, 2.77478592362428e+180, NaN, 4.4501477170144e-307,  NaN, NaN, NaN, NaN, NaN, NaN, NaN, 4.92000048302017e+160, 1.01685603085403e+146,  5.72097298745591e+103, 8.19687411242621e+107, 8.19687411242632e+107,  1.19797449363064e+156, 3.23785921002061e-319, 2.67846525103639e-306,  5.95645542626207e-320, NaN, 2.84131549442564e-307, NaN, 3.91836485931767e+146,  -0.124019607843137, -0.124019607843137, -0.124019607843137, -0.124019607843137,  -0.124019607843137, -0.124019607843137, -0.124019607843137, -0.124019607843137,  -0.124019607843137, -0.124019607843137, 4.67320258495657e-307,  1.75617327606706e+87, 2.17990807223936e-106, -3.18195195990034e+305,  1.39067121349778e-309, 0, 1.14283993065927e-250, -1.5993754169325e-147,  1.28822975393126e-231))
result <- do.call(RaceID:::ProbFun,testlist)
str(result)