testlist <- list(v = c(NaN, NaN, NaN, NaN, NaN, NaN, 2.73780784900488e+180,  2.77448001762435e+180, 4.76482363730575e+179, 2.77448001762435e+180,  NaN, NaN, -1.59985281704443e-149, 1.22169800628894e+161, -1.61703148677611e-148,  1.22839110481529e-305, -1.10310852891459e-146, 8.78434775326897e-310,  5.22026549969163e-317, 0, 0, 0, 2.77448001457064e+180, 1.15068329634908e+179,  2.77448001762435e+180, 6.08113124126605e-13, 2.77448001762435e+180,  2.77448001762435e+180, 2.78511720353091e+180, 2.77448001762435e+180,  2.77448001762683e+180, 2.77448001762435e+180, -4.69526163440602e+305,  NaN, NaN, NaN, NaN, NaN, NaN, NaN, NaN, NaN, 8.19687412692222e+107,  NaN, NaN, 8.19687411248294e+107, NaN, NaN, NaN, NaN, NaN, 9.52682052708715e+139,  1.329427981671e-314, 0, 0, 0, 0, NaN, NaN, NaN, NaN, NaN, NaN,  4.24482048648698e-313, NaN, NaN, NaN, NaN, NaN, 2.7744800222921e+180,  NaN, NaN, NaN, NaN, NaN, 0), w = c(-2.30331110816477e-156, Inf,  NaN, -2.33073147850006e-156, NaN, NaN, NaN, 4.76482364314044e+179,  2.77448001762435e+180, -5.48665457060286e+303, 2.67008884903946e-307,  NaN, -6.19109101163368e+306, NaN, NaN, -5.93230041175308e+190,  2.67014465089752e-307, -1.10310852891458e-146, 863.953921568627,  NaN, 4.69003513780438e-310, 6.6023785329139e-310, NaN, 130680.664422446,  -1.1031085272448e-146, 3.87096750002232e+146, NaN, -6.20695021000751e-145,  1.27963475978841e-307, -3.27585791571656e+221, 1.27661649331387e-305,  2.73930630202366e-82, 8.19687411245145e+107, 8.19687411242632e+107,  8.19687411242632e+107, NaN, NaN, -6.2202391998832e+189, NaN,  -1.62597538564973e-260, -1.32251338995005e+308, NaN, NaN, NaN,  NaN, NaN, NaN, -2.30331110816477e-156, -2.30331110816477e-156,  -2.30331110816477e-156, 7.29112071068942e-304, -8.22918610261573e+304,  2.72362414609716e+180, 2.77448001762435e+180, 2.77448001761574e+180,  2.77448001762435e+180, 2.77448001641668e+180, 2.77448001762435e+180,  2.77448001762435e+180, 2.77448001762436e+180, 2.7745215691318e+180,  2.77448001762435e+180, 2.77448001762435e+180, -7.57675828175732e-149,  -1.10310862862622e-146, 6.92064765002293e-172, 2.72332021874044e+180,  NaN, 0), x = c(5.82254475346521e+103, 9.93193693889994e-100,  -5.503532780335e+303, -8.94559941093327e+192, -1.27362752287772e-259,  -5.54952109581765e+303, 2.78309107290015e+180, 2.77448001944293e+180,  -1.10305102423012e-146, -1.10310887710791e-146, 1.16466726860243e+104,  1.33486615087126e-314, -1.09722481375874e+306, 3.10076557552588e+45,  -1.06551793523307e-255, 1.77728769898378e+159, 4.01100666710454e+149,  NaN, -5.70210285088653e+303, -1.065550726648e-255, 1.38523985933177e-309,  -1.89753766130877e-102, NaN, -6.59893104730326e-149, 5.42448696587383e-312,  -1.10310852890541e-146, -1.0640049814026e-146, NaN, NaN, NaN,  NaN, 7.2911220195564e-304, -1.07509380637938e-146, -6.19058542765087e+306,  1.16718057548654e-312, 3.23785921002061e-319, 2.01037880912259e-310,  -1.81621427860665e-257, 50.7607843137259, 2.99136656856258e+277,  1.19507372542051e+161, 3.87066023580566e+146, NaN, -6.20695021000751e-145,  3.01687460688313e-248, 5.41109320051449e-312, -9.41556043306717e+306,  NaN, -1.0741158939086e-146, -1.10307702488336e-146, -6.04498561749911e+303,  NaN, NaN, NaN, -5.64952913138959e+303, 4.34747190111206e+149,  -1.10299909640471e-146, NaN, -5.48612519293078e+303, 1.25986739689518e-321,  2.00995607099887e-310, 2.77447923392645e+180, 2.77448001762435e+180,  2.77448001762435e+180, 2.72434621382992e-82, 3.17789657635534e+104,  NaN, -1.06559867695611e-255, -1.00814639599636e-258, -1.10310810144387e-146,  -3.59531481472076e-55, 8.7581521865754e-310, 0, 0, 0, 0, -9.77579636320985e-150,  4.49213474913468e-193, 7.26440246284318e-133, 2.7744800187295e+180,  4.62852975365131e-306, -3.54989941300678e-146, 1.92678438513645e+46,  1.79406113923196e+159, 4.09173893635663e+149, 6.94063251426436e+147,  -2.30222237721491e-159, -2.30331110816477e-156, NaN, NaN, 4.86271355728241e+179,  -6.64212012698468e-18))
result <- do.call(RaceID:::ProbFun,testlist)
str(result)