testlist <- list(v = c(1.15172192934316e+164, Inf, -1.10310852890809e-146,  2.44276490656494e-85, 2.12455159605201e+183, -1.12592794746801e-146,  2.98798227211518e-310, NA, 2.91036224748664e+101, -7.57684351807415e-149,  8.19687411242642e+107, 8.19687411242632e+107, 8.19687411242632e+107,  NaN, 1.2024538023802e+111, -1.65476287062987e+279, 2.87265167268875e-188,  Inf, NaN, NaN, NaN, NaN, 2.21294241379145e-308, NaN, 1.16655906886902e-305,  0, 0, NaN, 1.21618846149189e+58, 50.7607843137255, 2.99136656857205e+277,  8.19687411239762e+107, 8.19687411242632e+107, 8.19687411242632e+107,  8.28896700795476e-317, 2.52115825328368e+299, 1.52485258912309e-317,  NaN, 1.85550040157723e+46, 0), w = c(-0.124019607843137, NaN,  -2.22949197607924e+307, -0.124019607843137, -0.124019607843137,  2.90989930371665e+101, 1.11753302832447e-249, NaN, 9.52682052708715e+139,  7.29112637582601e-304, 0, 0, 4.51856706850806e-193, 2.32210853545386e-322,  7.29112200597564e-304, 1.31508573024891e-192, 3.90362325067782e-315,  NaN, -1.65455612825194e-260, NaN, NaN, NaN, -1.62597538071963e-260,  -1.32251338995005e+308, 1.45384888379042e-101, -1.10310852891461e-146,  -1.61720638755778e-148, NaN, 1.83204497569992e-312, 6.94062867098373e+147,  2.55318557380218e-310, 2.52115825328368e+299, NaN, 2.77448001762435e+180,  1.15142278277626e-250, 2.40356335789215e-265, 1.22839106236988e-305,  1.20794052510925e+161, 8.62314579733939e-308, 4.73213318178215e-312,  -6.4198059791731e-145, 6.16306813044978e-31, 6.78868312437044e+199,  1.15142307984241e-250, 7.06343787261419e-304, 3.75173546336492e-191,  7.13934953338821e-304, 1.20294919833929e+160, 2.00095114386911e-81,  2.85279195074302e+180, -1.10319766726833e-146, 1.74431448905307e-308,  2.11370828145097e-314, 0, 0, 0, 0, 0, 0, 0, 6.36598737289582e-314,  -1.77320145539248e-257, 6.86047799324486e+38, 6.73197581550605e-81,  1.19511565902113e+161, -6.86280101408267e-258, 843.875162129327,  -1.1031085272448e-146, -2.58160763817605e-146, -6.04549144704877e+303,  NaN, NaN, NaN, NaN, 843.87548828125, -1.1031085272448e-146, 3.87096750002232e+146,  NaN, -6.20695021000751e-145, 0), x = c(5.72097298745591e+103,  8.19687411242621e+107, 8.19687411242632e+107, 1.19797449363064e+156,  3.23785921002061e-319, 2.67846525103639e-306, 5.95645542626207e-320,  NaN, 2.84131549442564e-307, NaN, 3.91836485931767e+146, 1.8923890356924e-06,  -0.00049594056372549, -0.124019607843137, -0.124019607843137,  -0.124019607843137, -0.124019607843137, -0.124019607843137, -0.124019607843137,  -0.124019607843137, -0.124019607843137, 4.67320258495657e-307,  1.75617327606706e+87, 2.17990807223936e-106, -3.18195195990034e+305,  1.39067121349778e-309, 0, 0, 7.90728232141204e-82, 1.28822975391943e-231,  7.29023546663785e-304, 1.31508573024891e-192, 3.90362325067782e-315,  NaN, -1.65455612825194e-260, 2.81776900841568e-202, NaN, NaN,  NaN, 1.16466726737369e+104, -3.28119145244303e+305, 1.45384888379042e-101,  -1.10310852891461e-146, 863.953920369084, NaN))
result <- do.call(RaceID:::ProbFun,testlist)
str(result)