testlist <- list(v = c(-4.25174675449418e+304, 7.768901505172e-121, 0, 4.66096205725859e-306,  -1.59978456499293e-149, 4.72828194932162e-308, -1.10310852718651e-146,  -6.19058542765087e+306, 1.1854391732508e-125, 8.25667290107999e-317,  2.88100762336702e+277, NaN, -5.93267857379134e+190, -1.61695186217949e-148,  1.36369246899606e+160, 2.78482707563589e-82, 1.21142609453623e-309,  1.16828863030144e-308, -3.34646089983646e-111, 1.17022044340809e+214,  1.13046637199097e-258, 8.19687411242622e+107, 8.19687411242632e+107,  8.19687411242632e+107, NaN, 1.2024538023802e+111, 2.77448001761243e+180,  2.73750313328251e+180, 2.77448001762435e+180, 4.76482363730575e+179,  2.77448001762435e+180, 2.77448001762435e+180, 2.73750313328251e+180,  2.77448001762435e+180, 2.7744800176243e+180, 2.77433557666989e+180,  2.77448001762435e+180, 2.75421871113567e+180, 2.77448001762435e+180,  2.77448001762435e+180, 2.77433557666989e+180, 2.77448001762435e+180,  2.75421871113567e+180, 2.77448001762435e+180, 2.77448001762506e+180,  1.44059247223433e+214, 6.84568365052401e+180, 2.77448001762435e+180,  2.77448001762435e+180, 2.77448001762435e+180, 2.77449386812684e+180,  2.7745215691318e+180, 2.77440087189588e+180, 2.77448001762435e+180,  8.19687411243135e+107, 8.19687411242632e+107, NaN, NaN, 8.19687412692222e+107,  NaN, 2.85279016818935e+180, 6.08113124126605e-13, 2.77448001762435e+180,  NaN, 1.74431449210611e-308, 1.92685601878086e-322, 1.20792979627658e+161,  NaN, -1.36055837404668e+306, NaN, NaN, NaN, NaN, NaN, NaN, NaN,  NaN, NaN, NaN, 1.23934160869492e+161, 8.62314579733939e-308,  -6.18997150569996e+306, NaN, NaN, NaN, NaN, NaN, NaN, NaN, NaN,  NaN, NaN, NaN, NaN, 2.11370828145097e-314, 9.7757963449899e-150,  3.99486950920064e-310), w = c(2.73750313328251e+180, 2.77448001762435e+180,  8.19687411243135e+107, 8.19687411242632e+107, 8.19687411242632e+107,  NaN, NaN, -6.2202391998832e+189, NaN, -9.92615757902797e-234,  -1.58100444400231e-151, NaN, NaN, NaN, -1.49166814624004e-154,  NA, 851.952941176471, 2.11861099139434e-310, 0, -9.92615756372371e-234,  -9.9261575707946e-234, 1.8701367141475e+162, NaN, NaN, 2.75421871115391e+180,  2.77448001762435e+180, NaN, -1.65455612825194e-260, NaN, NaN,  NaN, -1.62597538071963e-260, 2.77427946967186e+180, 2.77448001762435e+180,  2.77448001762432e+180, 2.77448001762435e+180, 0), x = c(6.84568365052401e+180,  NaN, 2.77448001762683e+180, 2.77448001762435e+180, 8.40476764068988e-315,  3.24180903818828e+178, 1.32527041913422e-310, NaN, -2.18051161037361e+209,  6.08113124126605e-13, 2.77448001762435e+180, 2.77448001762435e+180,  2.77448001762435e+180, 2.77448001762435e+180, 2.77448001762435e+180,  NaN, NaN, NaN, 4.34416020843739e-114, 3.24180903818828e+178,  3.06543563096087e-115, 2.77448001761713e+180, 2.77448001762435e+180,  3.79555655113714e+146, 2.77458686414569e+180, NaN, 2.7744800222921e+180,  2.77448001762435e+180, 2.77448001762435e+180, 2.85279195360568e+180,  NaN, NaN, 2.77448001764258e+180, 2.77448001762435e+180, 2.77448001762435e+180,  7.29058451151842e-304, -5.48612406879369e+303, 3.22990475312257e-319,  NaN, 1.22839178809243e-305, 1.20794052510893e+161, -8.62079715870921e-236,  -9.9261575707946e-234, -9.9261575707946e-234, NaN, NaN, NaN,  -2.30331110817115e-156, -2.30331110816477e-156, NaN, NaN, NaN,  NaN, NA))
result <- do.call(RaceID:::ProbFun,testlist)
str(result)