testlist <- list(v = c(-5.48612405857499e+303, NaN, NaN, NaN, NaN, NaN, NaN,  5.50814850934094e-310, 6.80586152066418e+38, NaN, -1.12617174104049e-146,  -8.97862998707326e+303, 7.50669439308575e-310, -1.77319987166314e-257,  6.86047799324486e+38, -1.10310852890786e-146, -1.05332339807941e-255,  -4.26730403782346e+304, 4.96991123000086e-307, 2.27305337165849e-306,  NaN, -1.32251376245863e+308, -1.10310810144387e-146, 4.09155413791646e+149,  NaN, -5.70210285088653e+303, 9.52882640459454e-44, -1.10339976746908e+217,  -2.99605846714459e-145, 1.22839110481529e-305, 8.19687411885926e+107,  8.19687411242632e+107, 8.19687411242632e+107, NaN, NaN, 8.19687411242654e+107,  NaN, 2.94957385726613e-312, -5.93230041175308e+190, NaN, NaN,  NaN, NaN, NaN, -2.30331152656642e-156, -2.30331110816477e-156,  -2.30331110816477e-156, -2.30331110816477e-156, NaN, 4.65661279501484e-10,  NaN, -1.07875817774054e-146, -2.30341780061879e-156, NaN, -2.33073147521015e-156,  -2.30331110816477e-156, -2.30331110816477e-156, -2.30331110816477e-156,  -5.5516993870748e+306, NaN, NaN, 2.72459932199482e-82, -1.10313405508576e-146,  2.77459920178017e+180, 3.32205970310416e+178, NaN, NaN, NaN,  NaN, NaN, NaN, NaN, NaN, NaN, 8.19782411552951e+107), w = c(1.80866635585212e-130,  NaN), x = c(NaN, NaN, 2.77433676696568e+180, 2.77448001762435e+180,  2.75421871113567e+180, 2.77448001762435e+180, NaN, NaN, -1.77320032574829e-257,  1.22176358702502e+161, 1.2283912889123e-305, 2.73930630202366e-82,  -1.10310852891461e-146, 2.63595592567274e-82, 2.03915714008058e-319,  0, 0, 0, 0, 0, 0, 0, 0, 0, 0, 0, 1.08646184497422e-310, 2.80499115663326e+180,  2.77448001762435e+180, 2.77448001762435e+180, 3.8838293948447e+281,  2.7244629919438e-82, -1.0636883942036e-146, NaN, -1.06559867695611e-255,  -3.54990026793784e-146, 2.84131564449284e-307, 5.84081887859329e-308,  NaN, 2.77448121256966e+180, 4.34801068357136e-82, 2.73377971282944e-304,  -7.58630349763562e-149, 8.28899912222174e-317, 5.48572904469502e+303,  NaN, NaN, NaN, NaN, NaN, NaN, -4.36703271324204e-148, 863.953921568627,  9.68435063040056e-82, 9.52096761148414e-307, 2.27305201358825e-306,  2.7744800176243e+180, 2.77448001762435e+180, 2.77447945340187e+180,  2.77448001762435e+180, NA, Inf, -Inf, 2.85279195360568e+180,  2.7745215691318e+180, 3.8838293948447e+281, 2.77448001762435e+180,  2.77448001762435e+180, 2.77448001762435e+180, 2.77802574627638e+180,  2.78511720353091e+180, 2.75421871113567e+180, 2.77448001762435e+180,  -2.58160763642115e-146, 1.22839092309731e-305, 8.75971332154577e-310,  0, 0, 0, 0, -9.77579636320985e-150, 1.22839113195859e-305, 1.20794052510893e+161,  -8.62079715870921e-236, -9.9261575707946e-234, -9.9261575707946e-234,  NaN, 9.52682052708715e+139, 1.329427981671e-314, -Inf, 0, 0,  0, 4.24399158193054e-313, -1.10310852890541e-146, 7.29112201455015e-304,  2.8527899749625e+180, 2.77448001762435e+180, 0))
result <- do.call(RaceID:::ProbFun,testlist)
str(result)