testlist <- list(v = c(-8.978629966636e+303, -1.81842130657624e-257, -1.07509380638606e-146,  -6.19058542765087e+306, -7.5859648040774e-149, -1.61697632320146e-148,  NaN, 7.29023199002439e-304, -3.38084306397812e+221, 843.875162129346,  8.25674651686122e-317, 2.7244629919438e-82, -1.0636883942036e-146,  8.19687411242632e+107, NaN, NaN, 8.19687412692222e+107, NaN,  4.80615708347042e-306, -1.59978456499293e-149, NaN, NaN, NaN,  NaN, NaN, -2.33073147850006e-156, -2.30331110816477e-156, -2.30331110816477e-156,  -2.30331110816477e-156, -5.5516993870748e+306, NaN, 1.72702369065971e-77,  7.29112201955619e-304, -2.56837468805942e-156, 7.2911207106895e-304,  -8.22918610261573e+304, -2.30331110817115e-156), w = c(-2.30331110816477e-156,  NaN, -1.61222850023374e+265, 4.65661287307739e-10, 7.04520836682685e+147,  -1.10310852891462e-146, 2.77433557666992e+180, NaN, NaN, -2.30331110816477e-156,  NaN, 1.17506055413868e+179, 2.77448001762435e+180, 6.08113124126605e-13,  2.77448001762435e+180, NaN, NaN, 1.27180790759967e-259, 1.33976989123868e-314,  2.965646365863e-248, 9.93278454538583e-100, 4.6732025849565e-307,  -1.07509380637938e-146, -1.10310852891461e-146, -1.23094842280792e-148,  0, 0, 0, 0, 1.65780921169162e-315, 2.77448048318738e+180, 2.77448001762435e+180,  2.77448001762435e+180, 4.71325997397668e-306, 6.86628922754596e+147,  NaN, NaN, 2.72498829892464e-82, 7.04537412467411e+147, 2.63573432300896e-82,  1.75350935126629e-192, NaN, 2.77448001764258e+180, 1.20794094736641e+161,  8.62314579733939e-308, -6.18997150569996e+306, 1.25986739689518e-321,  1.22839178558907e-305, 842.625000410024, 4.28316509281334e-82,  2.73389096652236e-304, 1.76604025570963e-304, 3.42685160680893e-268,  3.4126770934556e-308, 1.22261014484197e+161, 1.23929597375755e+161,  8.62314579733939e-308, 5.80830476757912e+180, 5.72097298745586e+103,  1.19507372542055e+161, 3.87066023580566e+146, NaN, -6.20695021000751e-145,  -1.06555076634464e-255, 1.38523985933177e-309, 0, 0, 0, 0), x = c(2.90513912218259e-248,  3.93355304592967e-318, 5.98008216629424e+197, NaN, NaN, NaN,  NaN, 2.77433676696568e+180, 2.77448001762435e+180, 2.75421871113567e+180,  2.77448001762435e+180, NaN, NaN, -1.06609573703892e-146, 2.04429542279733e-319,  2.76006706153602e-135, -1.11668384804754e-258, -1.00814639599636e-258,  -1.10310810144387e-146, 2.84850186430638e-26, 8.7581521865754e-310,  0, 0, 0, 0, -9.77579636320985e-150, 2.77448001763145e+180, 2.77448001762435e+180,  2.77448001762435e+180, NaN, -2.30331110816479e-156, NaN, NaN,  2.85279195360568e+180, 2.77448001761963e+180, 2.7744721030515e+180,  4.72828194926304e-308, 2.63573432300557e-82, NaN, 1.13855737786528e-79,  -1.28585369676207e-259, 1.26018332782824e-259, 9.77579636145905e-150,  -1.10310808652211e-146, -1.10310852891461e-146, 8.62458486566535e-169 ))
result <- do.call(RaceID:::ProbFun,testlist)
str(result)