testlist <- list(v = c(2.77448001762433e+180, -Inf, NaN, NaN, 2.77478592362428e+180,  2.77448001762433e+180, 9.52157085234358e-307, 1.79266204419481e-310,  -4.25174675449418e+304, NA, 1.28220160550184e-259, 4.66127441503902e-306,  -1.59978456499293e-149, 4.72828194932162e-308, -1.10310852718651e-146,  -6.19058542765087e+306, -Inf, 8.07318536090582e+107, 2.88100900351069e+277,  NaN, -5.93267857379134e+190, -1.10299909640473e-146, NaN, -6.03341950748825e+306,  1.2283911319647e-305, 7.29079393023459e-304, 1.39064994160936e-309,  -3.38084306397821e+221, Inf, 8.1968757592592e+107, 8.19687411242632e+107,  8.19687411242632e+107, NaN, Inf, 0), w = c(8.19687223131701e+107,  8.19687411242632e+107, 8.19687411242632e+107, 5.43225752753162e-312,  4.38377337816572e-193, 9.99327552292098e-313, -5.48620778040363e+303,  NaN, NaN, 9.93416775626196e-100, -0.124019607754574, -0.124019607843137,  -0.124019607843137, -0.124019607843137, -0.124019607843137, -2.22949197607924e+307,  NaN, NaN, NaN, NaN, NaN, -2.30331110816479e-156, -2.30331110816477e-156,  -2.30331110816477e-156, -2.30331110816477e-156, 5.43230910297028e-312,  NaN, NaN, -1.10310852746322e-146, NaN, 4.65661279501484e-10,  -2.30331110979915e-156, -2.30331110816477e-156, -2.30331110816477e-156,  -2.30331110816477e-156, NaN, 5.43230922486616e-312, NaN, -1.10299909607175e-146,  -1.10310852891613e-146, 2.73750313328962e+180, -4.69526031333217e+305,  NaN, NA, NaN, NaN, NaN, 5.19984600493948e-169, 2.77448001762435e+180,  2.77448001762435e+180, 2.77448001762433e+180, -4.6952817251924e+305,  NaN, 6.73197581550629e-81, 8.78702507981884e+159, -6.86280101408267e-258,  843.875162129327, -1.1031085272448e-146, -2.58160763817605e-146,  3.42115319787791e-312, 0, 0, -5.91457571812231e-148, 0, -1.06360664431603e-146,  2.77448001762438e+180, 2.77448001762435e+180, -5.91457571812231e-148,  2.72434621382992e-82, NaN, NaN, NaN, -1.10299909608056e-146,  -0.124019607843136, -0.124019607843137, -0.124019607843137, -0.124019607843137,  -6.95891599218521e-258, 843.875162129327, 5.1668521666833e-232,  NaN, -1.0877518013205e-152, 8.28904605845809e-317, 0, 4.38361869801681e-193,  -1.08425086628949e-19, 1.85552504384431e+46, 1.80331613751964e-130,  0), x = c(6.79702824559181e+147, -4.16548557737113e-147, 2.77448001762433e+180,  2.77448001762435e+180, 6.92064648872507e-172, 2.77448001763145e+180,  2.77448001762435e+180, 2.77448048318035e+180, 2.77448001762435e+180,  2.77440087189588e+180, -3.44179830982078e-85, 2.77447210305221e+180,  1.44059247223433e+214, 6.84568365052401e+180, 2.77448001762435e+180,  2.77448001762435e+180, 2.77448001762435e+180, 2.7744938681269e+180,  2.7745215691318e+180, 2.77440087189588e+180, 2.77448001762435e+180,  1.28244619691012e-319, 0, 2.781342323134e-308, NaN, NaN, 2.72362612474037e+180,  2.77448001762529e+180, 2.77448001761574e+180, 2.77448001762435e+180,  2.77448001762433e+180, 2.77448001762435e+180, 6.92064648872507e-172,  2.77448001762435e+180, 2.77448001762435e+180, 2.77448001762433e+180,  2.77751977782013e+180, 3.8838293948447e+281, 2.77448007172788e+180,  2.77448001825838e+180, 2.77448001762435e+180, 2.77448001762435e+180,  2.774757027674e+180))
result <- do.call(RaceID:::ProbFun,testlist)
str(result)