testlist <- list(v = c(3.35064833069378e-308, NaN, NaN, NaN, NaN, NaN, NaN,  NaN, NaN, NaN, 2.12199579047121e-314, 0, 9.77579634498991e-150,  -1.12592794746799e-146, -1.06559867622444e-255, 863.999999992846,  -1.6169667807908e-148, -1.10310852890809e-146, -1.10299527773978e-146,  -1.10310852891461e-146, 2.64285564557347e-260, -1.10310852890809e-146,  3.03421249281475e-86, NaN, 4.51856706857185e-193, 832.000000000005,  4.28316509281334e-82, 2.73389096652236e-304, 7.06416102283852e-304,  1.5908836063716e+161, -4.81426582379658e+276, 2.87284834993221e-188,  8.7551426703109e-310, 2.52115825328368e+299, 1.52485258912309e-317,  NaN, 1.85550040157723e+46, NaN, -1.29308789559154e-148, 2.73389096652236e-304,  2.77478395267997e+180, 3.33869724961861e-308, 8.64823668543306e-308,  5.0618248835795e-307, 2.77448001762435e+180, 2.77447945340187e+180,  2.77448001762435e+180, 2.77440087189588e+180, 2.77448001762435e+180,  2.77448001762435e+180, 1.22839113230282e-305, 1.20794052510925e+161,  8.62314579733939e-308, 5.41117183489103e-312, 8.88056773649107e+252,  -1.55092749287728e-235, -9.9261575707946e-234, NaN, 1.80331613628628e-130,  7.90728232141204e-82, 1.28822975391943e-231, 4.17665372256492e+149,  1.30478322700035e-304, 1.39247688898015e-309, 8.19687411242621e+107,  NaN, NaN, 5.4857290546343e+303, NaN, NaN, NaN, NaN, NaN, NaN,  NaN, NaN, NaN, NaN, 8.28904556439245e-317, 0, -0.124019607843135,  -0.124019607843137, -1.70209246963783e-260, -1.10310810144387e-146,  -1.62597552273318e-260, 4.10763446875257e+149, NaN), w = c(NaN,  NaN, NaN, -2.30331110817115e-156, -2.30331110816477e-156, -2.30331110816477e-156,  -2.30331110816477e-156, 1.39066317287696e-309, 5.03525848354163e-307,  0, 0, 0, 0, 0, 0, 0, 0, 0, 0, 0, 0, 0, 0, 0, 0, 0, 0, 0, 0, 0,  0, 0, 0, 0, 0, 0, 0, 0, 0, 0, 0, 0, 0, 0, 0, 0, 0, 0, 0, 0, 0,  0, 0, 0, 0, 0, 0, 0, 0, 0, 0, 0, 0, 0, 0, 0, 0, 0, 0, 0, 0, 0,  0, 0, 0, 0, 0, 0, 0, 0, 0, 0, 0, 0, 0, 0, 0, 0, 0, 0, 0, 0, 0,  0, 0, 0, 0, 0, 0), x = c(4.51856706850808e-193, 2.32210853545386e-322,  -6.90801599052987e+304, 7.06416101180429e-304, -1.41749047266386e-148,  -1.27362752287772e-259, 8.85648880668155e+175, -1.29308789391155e-148,  2.73389096652236e-304, 2.77478395267997e+180, -1.06551793476809e-255,  8.44982545208291e-308, -3.33212285245057e+305, -6.03341950748825e+306,  4.38361870452339e-193, 2.67846525103534e-306, 5.95645542626207e-320,  2.98519141380022e-33, 0, 0, 5.0758836746313e-116, 0, 0, 0, 0,  -1.89753766130877e-102, NaN, -6.59893104730326e-149, -1.10310852891461e-146,  8.05038841218973e-301, NaN, NaN, NaN, NaN, -1.00823124635227e-258,  -1.10310810144387e-146, 4.09155413791646e+149, NaN, -5.70210285088653e+303,  9.52882640459454e-44, 5.43222633441051e-312))
result <- do.call(RaceID:::ProbFun,testlist)
str(result)