testlist <- list(v = c(-2.30341821897354e-156, NaN, -2.30331110816477e-156,  -Inf, Inf, 4.86271355728241e+179, 0), w = c(NaN, NaN, 2.73780784900488e+180,  2.77448001762435e+180, NaN, 2.77448001762435e+180, NaN, 2.72362612474037e+180,  2.77448001762529e+180, 2.77448001761574e+180, 2.77448001762435e+180,  NA, 2.77448001762435e+180, 6.92064648872507e-172, 2.77448001762435e+180,  2.77448001762435e+180, 2.77448001762433e+180, 2.77751977782013e+180,  3.8838293948447e+281, 2.77448007172788e+180, 2.77448001825838e+180,  2.77448001762435e+180, 2.77448001762435e+180, 2.774757027674e+180,  2.77448001762435e+180, 2.77448001762436e+180, 2.77448001762433e+180,  -6.59109885406678e-18, Inf, 1.80331613751964e-130, NaN, 2.77478592362428e+180,  1.39157915457274e-258, -8.94559941093327e+192, 4.37156578650043e-82,  NaN, Inf, NaN, NaN, NaN, NaN, NaN, NaN, NaN, NaN, NaN, NaN, 7.06331670623026e-304,  0, 0, -1.62597454369671e-260, -1.32251338995005e+308, 1.45384888379042e-101,  -1.10310852891461e-146, 2.04429542279733e-319, NaN, -6.40666589312738e-145,  4.79260049057824e-307, NaN, -1.0741158939086e-146, -1.10310852891461e-146,  1.7916096332868e-260, 3.0168752299431e-248, 2.88057622688367e+277,  2.55827853356422e-310, 8.69169475979376e-311, 6.80586152066418e+38,  NaN, 1.26531950471527e+161, -0.124019585170917, 1.28131856383861e-307,  5.64955526523068e-283, 1.20793014420531e+161, 8.62314579733939e-308,  5.41117183489103e-312, -6.41980598849603e-145, 6.16306813044978e-31,  2.85228739186318e+180, 3.65789204999879e+181, 2.77448001762435e+180,  -5.62224768185165e+303, 7.29079393023452e-304, -1.59978456499293e-149,  5.09278989831665e-313, 1.22174090885952e+161, 4.8726673860943e-190,  1.79406114166035e+159, 2.81011657711966e+151, 1.26749298849904e-259,  -1.39173258598853e-258, -1.1031088771113e-146, 0), x = c(1.14129164189328e-321,  1.20792979627658e+161, 2.03840416902225e+156, 2.72343940141071e+180,  2.77448001762529e+180, 2.77448001761574e+180, 2.77448001762435e+180,  2.77448001762433e+180, 2.77448001762435e+180, 6.92064648872507e-172,  2.77448001762435e+180, 2.77448001762435e+180, 2.77448001762433e+180,  2.77751977782013e+180, 3.8838293948447e+281, 8.88056628258612e+252,  6.84568365052401e+180, 2.77448001762435e+180, 2.77448001762435e+180,  2.77448001762435e+180, 2.7744938681269e+180, 2.7745215691318e+180,  2.75433742972838e+180, -1.39157915457274e-258, 2.2556105058768e-80,  NaN, 8.71253922185527e-310, 1.26480805335359e-321, 0, 2.52115825238224e+299,  -5.48612407255335e+303, NaN, 2.0099544132149e-310, 2.55827853386896e-310,  8.69169475979376e-311, 6.80586152066418e+38, NaN, -1.12617174104049e-146,  -8.97862998707326e+303, NaN, 1.26018332782824e-259, NaN, -1.0741158939086e-146,  -1.10310852891461e-146, 8.05038841218973e-301, -1.06559826235132e-255,  -1.62597506665163e-260, 3.9948692760772e-310, NaN, -1.06559867622445e-255,  3.03615300761268e-79, 2.69058914210369e-82, NaN, -1.10299527643412e-146,  -1.10310852891461e-146, NaN, 2.9417028537226e-312, -8.45672970921884e+189,  1.2822009852463e-259, -1.98888051942091e-147, -7.57684352476211e-149,  -1.10310852891461e-146, 4.31312636079786e-82, 844.674804687489,  NA, NA, NaN, 4.09173825986808e+149, 8.30480096559524e+107, 8.19687411242632e+107,  8.19687411242632e+107, -5.56024199995058e+303, NaN, Inf, NaN,  -1.06548130191873e-255, 1.26018332782824e-259, NaN, NaN, NaN,  NaN, NaN, -1.49166814624004e-154, -2.30331110816477e-156, -2.30331110816477e-156,  -2.30331110816477e-156, -2.30331110816477e-156, 0))
result <- do.call(RaceID:::ProbFun,testlist)
str(result)