testlist <- list(v = c(-6.20695021000751e-145, NaN, -3.27585791571656e+221,  1.27661649331387e-305, 2.73930630202366e-82, 8.19687411245145e+107,  8.19687411242632e+107, -Inf, NaN, NaN, -6.2202391998832e+189,  NaN, -1.62597538564973e-260, -1.32251338995005e+308, NaN, NaN,  NaN, -4.82778918048735e+305, NaN, -2.30331152656642e-156, -2.30331110816477e-156,  NA, -2.30331110816477e-156, NaN, 4.65661279501484e-10, NaN, -1.07875817774054e-146,  -2.30341780061879e-156, NaN, -2.33073147521015e-156, -2.30331110816477e-156,  -2.30331110816477e-156, -2.30331110816477e-156, -5.5516993870748e+306,  NaN, NaN, 2.72459932199482e-82, NA, 2.77459920178017e+180, 3.32205970310416e+178,  NaN, NaN, NaN, NaN, NaN, NaN, 2.77448001543852e+180, 2.77448001762435e+180,  2.77447970846135e+180, 2.19816953728921e+209, NaN, -1.06559867695611e-255,  2.96564643368809e-248, 9.93278454538583e-100, 4.6732025849565e-307,  -1.07509380637938e-146, Inf, -1.23094842280792e-148, 0, 0, 0,  0, 1.65780921169162e-315, 2.77448048318738e+180, 2.77448001762435e+180,  2.77448001762435e+180, 4.71325997397668e-306, 6.86628922754596e+147,  NaN, NaN, 2.72498829892464e-82, 7.04537412467411e+147, 2.63573432300896e-82,  4.38377337816572e-193, NaN, 0), w = c(NaN, NaN, NaN, NaN, NaN,  NaN, NaN, NaN, NaN, 2.11370828145097e-314, 0, 2.2250738585072e-308,  1.79266204419481e-310, -1.10299909606601e-146, -1.10310852891613e-146,  NaN, -6.19109101163368e+306, NaN, 2.9323024972942e-312, -5.93230041175308e+190,  2.67014465089752e-307, -1.10305102510755e-146, 3.42981092236648e-312,  0, 2.25579057151423e+180, NaN, 2.84131549442564e-307, NaN, NaN,  NaN, -1.10310810144387e-146, 4.09155413791646e+149, NaN, -5.70210285088653e+303,  9.52882640459454e-44, -1.10339976746908e+217, -2.99605846714459e-145,  1.22839110481529e-305, NaN, -0.124019583300048, -0.124019607843137,  NaN, NaN, 8.19687411242654e+107, NaN, 2.94957385726613e-312,  -5.93230041175308e+190, NaN, NaN, NaN, NaN, NaN, -2.30331152656642e-156,  -2.30331110816477e-156, -2.30331110816477e-156, -2.30331110816477e-156,  -6.40637148060134e-145, 4.79260049057824e-307, NaN, -1.0741158939086e-146,  852.203921568627, -1.1031085272448e-146, 7.88024462353337e-248,  NaN, 1.13839265721933e-79, 8.41538531977848e+276, 2.73930745598816e-82,  2.78168530422624e-308, NaN, NaN, NaN, NaN, NaN, 2.77478592362428e+180,  0), x = c(8.44982545208291e-308, -3.33212285245057e+305, -6.03341950748825e+306,  1.2283911319647e-305, -6.21801604799495e+306, -5.50239551397643e+303,  0, 0, 0, 0, 0, 0, 0, 0, -9.41556043306717e+306, NaN, -1.0741158939086e-146,  -1.10310852891461e-146, -6.04498561749911e+303, NaN, NaN, NaN,  2.77448001762442e+180, 2.77448001762435e+180, 1.44059247223433e+214,  3.8838293948447e+281, 6.08113124126605e-13, 2.77448001762435e+180,  -4.69526163440602e+305, NaN, NaN, NaN, NaN, NaN, NaN, NaN, NaN,  -2.30331110816479e-156, -2.30331110816477e-156, -2.30331110816477e-156,  NaN, NaN, 2.85279195360568e+180, 2.7745215691318e+180, 2.77448001762435e+180,  -2.33055965489038e-156, NaN, 1.2283917498965e-305, 2.73930630202366e-82,  -1.10310852891461e-146, 2.77448001762438e+180, -5.48665457060286e+303,  2.67008884903946e-307, NaN, -6.19109101163368e+306, NaN, 2.9323024972942e-312,  -5.93230041175308e+190, 2.67014465089752e-307, -1.10310852891458e-146,  863.953921568627, NaN, 4.69003513780438e-310, 6.6023785329139e-310,  NaN, 130680.664422446, -1.1031085272448e-146))
result <- do.call(RaceID:::ProbFun,testlist)
str(result)