testlist <- list(v = c(6.16306813044978e-31, 2.77448001944293e+180, -1.10305102423012e-146,  -1.10310887710791e-146, 1.16466726860243e+104, 1.33486615087126e-314,  -1.09722481375874e+306, 3.10076557552588e+45, -1.06551793523307e-255,  1.77728769898378e+159, 4.01100666710454e+149, NaN, -5.70210285088653e+303,  -1.065550726648e-255, 1.38523985933177e-309, -1.89753766130877e-102,  NaN, -6.59893104730326e-149, -1.10310852891461e-146, 8.05038841218973e-301,  NaN, NaN, Inf, NaN, -1.00823124635227e-258, -1.10310810144387e-146,  NA, NaN, 0, 3.23785921002061e-319, -5.48612519293078e+303, NaN,  NaN, NaN, NaN, -5.48612406879369e+303, NaN, NaN, NaN, NaN, NaN,  NaN, NaN, 1.06559867695608e-255, 8.90746428013097e+252, NaN,  NaN, NaN, -6.8290941502734e-259, 1.68870350955569e-260, 7.17091154350667e+149,  -5.82766839796468e+303, -9.77579636334044e-150, 1.10706108169379e-80,  8.71475516776216e-308, 5.80830476757912e+180, NA, -1.08838732968532e-146,  -1.10319766639984e-146, 2.98967986869736e-310, -4.63046684267519e-164,  1.13035301120496e-258, -Inf), w = c(NaN, 1.390663339308e-309,  1.21327258647584e-305, 1.98937105402994e-315, NA, 5.41063458111795e+159,  1.1951156590272e+161, 3.91836485928861e+146, 4.31312636079776e-82,  844.674804687489, -1.10310853027475e-146, 1.68944827290416e-308,  6.36598749888256e-314, -1.77320145539248e-257, 6.86047799324486e+38,  -1.10310852890786e-146, -1.05332339807941e-255, Inf, NaN, NaN,  NaN, NaN, -7.57684351807415e-149, -1.10310852891461e-146, 2.98798227325815e-310,  8.28891957765276e-317, 5.43222633441051e-312, NaN, NaN, 2.72498829892464e-82,  7.04537412467411e+147, 2.63573432300896e-82, 4.38377337816572e-193,  NaN, 2.77448001764258e+180, 1.20794094736641e+161, 8.62314579733939e-308,  -6.18997150569996e+306, NaN, -1.06360664584556e-146, 2.77448001762438e+180,  2.77448001762435e+180, 2.77448001762435e+180, 4.38372112135865e-193,  2.68252094881154e-82, NaN, NaN, -1.10299909608056e-146, 6.81547915295848e-307,  9.97338114766476e-313, -1.32080044219267e+306, NaN, NaN, -1.62597538342567e-260,  -1.32251338995005e+308, NaN, 5.98008216632976e+197, NaN, NaN,  NaN, NaN, NaN, NaN, NaN, NaN, NaN, 3.99486951243228e-310, NaN,  -1.06559867622445e-255, 3.03615300761268e-79, 2.69058914210369e-82,  NaN, -1.10299527643412e-146, NA, 2.64285564557347e-260, 1.74431449207969e-308,  7.29111854289638e-304, 1.28220098524628e-259, -1.98888051942091e-147,  -7.57684352476211e-149, -1.10310852891461e-146, 4.31312636079786e-82,  844.674804687489, -6.19058543528392e+306, 0), x = numeric(0))
result <- do.call(RaceID:::ProbFun,testlist)
str(result)