testlist <- list(v = c(-1.23094842280792e-148, NaN, 0, 0, 0, 1.65780921169162e-315,  2.77448048318738e+180, 2.77448001762435e+180, 2.77448001762435e+180,  4.71325997397668e-306, 6.86628922754596e+147, NaN, NaN, 2.72498829892464e-82,  7.04537412467411e+147, 2.63573432300896e-82, 1.75350935126629e-192,  NaN, 2.77448001764258e+180, 1.20794094736641e+161, 8.62314579733939e-308,  -6.18997150569996e+306, -5.48616069262335e+303, NaN, NaN, NaN,  NaN, NaN, NaN, NaN, NaN, NaN, NaN, -1.58734403612308e-151, 8.440074906843e+107,  8.19687411242633e+107, 1.38523985965466e-309, 0, 0, 1.16466726593246e+104,  -7.26396301729248e-259, 2.77440087189595e+180, 1.50404863131297e+161,  NaN, 1.85550040157723e+46, NaN, NaN, NaN, 1.16466726737369e+104,  NaN, -6.59893104730326e-149, -1.10310852891461e-146, 8.05038841218973e-301,  -1.06559826235132e-255, NaN, -1.0322989595359e-255, 4.01295108410848e-236,  NaN, 7.14067597469895e+165, 2.00095114634303e-81, 2.85279195074302e+180,  -1.10319766726833e-146, 1.16718057502212e-312, -3.38084146203198e+221,  4.67320488451344e-307, -1.07509380637938e-146, 8.19687411242632e+107,  8.19687411242632e+107, 4.00654860689275e-42, NaN, 8.44007490684346e+107,  2.53492666450944e-294, -1.71441377149803e+304, 4.79260049057841e-307,  NaN, 0), w = c(-2.30331110816477e-156, NaN, 5.43230910297028e-312,  NaN, NaN, -1.10310852746322e-146, NaN, 4.65661279501484e-10,  NA, -2.30331110816477e-156, -2.30331110816477e-156, -2.30331110816477e-156,  NaN, 5.43230922486616e-312, NaN, -1.10299909607175e-146, -1.10310852891613e-146,  2.73750313328962e+180, -4.69526031333217e+305, NaN, NaN, NaN,  NaN, NaN, 5.19984600493948e-169, 2.77448001762435e+180, 2.77448001762435e+180,  2.77448001762433e+180, -4.6952817251924e+305, NaN, 6.73197581550629e-81,  8.78702507981884e+159, -6.86280101408267e-258, 843.875162129327,  -1.1031085272448e-146, -2.58160763817605e-146, 3.42115319787791e-312,  0, 0, 0, NaN, -1.06360664431603e-146, 2.77448001762438e+180,  2.77448001762435e+180, 2.77448001762435e+180, 2.72434621382992e-82,  3.17789657635534e+104, NaN, NaN, -1.10299909608056e-146, 6.81547915295848e-307,  9.97338114766476e-313, -1.32080052590428e+306, 2.12455197126707e+183,  2.77448001762435e+180, 7.17091154350901e+149, -1.72720127094597e-260,  1.39066333916307e-309, 5.7983145321237e+197, NaN, NaN, NaN, NaN,  NaN, 1.22839178809243e-305, NA, 8.62314579733939e-308, 5.41117183489103e-312,  8.88056773649107e+252, 8.19693595242972e+107, 7.58477499793159e-121,  8.25667290107999e-317, 0, 8.69169475979376e-311, 1.26018332782824e-259,  -1.27371293544376e-259, -5.54952109581765e+303, 2.78309107290015e+180,  2.77448001944293e+180, -1.10305102423012e-146, -1.10310887710791e-146,  1.16466726860243e+104, 1.33486615087126e-314, -1.09722481375874e+306,  3.10076557552588e+45, -1.06551793523307e-255, 1.77728769898378e+159,  4.01100666710454e+149, NaN, -5.70210285088653e+303, 1.20239969380109e+111,  8.19687411242632e+107, 8.19687411242632e+107, 0), x = c(1.1303530487231e-258,  -5.5490799408936e+303, -9.09744491332428e+192, 2.11373899751217e-314,  -1.29209265936777e+308, 1.97294534439529e+162, 1.16001510147213e-190,  NaN, NaN, NA, NaN, -4.69526163443687e+305, NaN, NaN, NaN, NaN,  NaN, NaN, NaN, 1.390671161567e-309, NaN, -1.07509372114309e-146,  -1.10310852930411e-146, 1.1506832969174e+179, 5.16660210126298e-232,  NaN, -1.0877518013205e-152, 0, 0, 0, 0, 0, NA, -Inf, 2.77751921359765e+180,  NaN, 1.92678438515305e+46, 2.76006706153762e-135, -1.11668384804754e-258,  NA))
result <- do.call(RaceID:::ProbFun,testlist)
str(result)