testlist <- list(v = Inf, w = c(-5.48612406879369e+303, -2.27610495947285e-159,  7.2911207106895e-304, -8.22918610261573e+304, -2.30331110817115e-156,  -2.30331110816477e-156, -2.30331110816477e-156, -2.30331110816477e-156,  NaN, -1.61222850023374e+265, 4.65661287307739e-10, 7.04520836682685e+147,  -1.10310852891462e-146, 2.77433557666992e+180, NaN, NaN, NaN,  NaN, -5.48612406879369e+303, NaN, 1.17506055413868e+179, 2.77448001762435e+180,  6.08113124126605e-13, 2.77448001762435e+180, NaN, NaN, 1.27180790759967e-259,  1.20490933785291e+161, 849.297446022782, -1.6169667807908e-148,  -1.10310852890809e-146, 1.26067994716355e-305, 1.33638796792106e-314,  0, 0, 0, 2.37636445786895e-212, -1.1029542246779e-146, 2.77448001762435e+180,  2.77448001762435e+180, 2.77448001762435e+180, -1.26021586856333e-259,  4.81323093985462e-307, NaN, NaN, 7.04520836682707e+147, -1.66353961706015e-260,  3.89585200814323e-315, NaN, 2.85279195360568e+180, 2.77448001762435e+180,  -3.40655754314834e+305, 6.76506636904467e-258, NaN, -5.48612406879369e+305,  NaN, NaN, NaN, NaN, NaN, NaN, NaN, NaN, NaN, NaN, -5.5024007449507e+303,  0, 0, NaN, 1.85550040157723e+46, NaN, NaN, NaN, 1.16466726737369e+104,  NaN, -6.59893104730326e-149), x = c(-8.44451166446868e-55, -8.44451166446868e-55,  -8.44451166446868e-55, -8.44451166446868e-55, -8.44451166446868e-55,  -8.44451166446868e-55, -8.44451166446868e-55, -8.44451166446868e-55,  -8.44451166446868e-55, -8.44451166446868e-55, -3.18629624978701e-58,  -8.44451166446868e-55, 2.52119658939277e+299, 1.52485258912309e-317,  NaN, -1.65455612825194e-260, NaN, -9.92615967860377e-234, -1.58734403362383e-151,  NaN, NaN, 1.25527085681032e-305, -1.10310852739311e-146, -2.58160763817605e-146,  3.42115319787791e-312, 0, 0, 1.08646184497422e-310, NaN, NaN,  NaN, NaN, NaN, 2.77448121256966e+180, NaN, -5.59863247254825e+303,  NaN, NaN, NaN, NaN, NaN, NaN, NaN, NaN, -2.30331110816479e-156,  -2.30331110816477e-156, -2.30331110816477e-156, NaN, NaN, -1.49166814624004e-154,  NaN, NaN, NaN, 6.08113386035836e-13, 2.77448001762435e+180, 5.50814850933333e-310,  6.80586152066418e+38, NaN, -1.12617174104049e-146, -8.97862998707326e+303,  7.50669439308575e-310, -1.77319987166314e-257, 6.86047799324486e+38,  2.98960164580057e-310, -4.63046684267519e-164, 1.13035301120496e-258,  -5.5490799408936e+303, 2.11373899751217e-314, 1.28165166976155e-305,  3.59201270752749e+102, 2.77478395267997e+180, 2.80499069595008e+180,  2.77448001762435e+180, -6.20676807244328e-145, 1.390663339308e-309,  1.21327258647584e-305, 1.98937105402994e-315, 1.22176375461319e+161,  5.41063458111795e+159, 1.1951156590272e+161, 3.91836485928861e+146,  4.31312636079776e-82, 844.674804687489, -1.10310853027475e-146,  1.68944827290416e-308, 6.36598749888256e-314, -1.77320145539248e-257,  6.86047799324486e+38, -1.10310852890786e-146, -1.05332339807941e-255,  NaN, NaN))
result <- do.call(RaceID:::ProbFun,testlist)
str(result)