testlist <- list(v = c(5.41117183489103e-312, -6.41980598849603e-145, 6.16306813044978e-31,  2.85228739186318e+180, 3.65789204999879e+181, 2.77448001762435e+180,  -5.62224768185165e+303, 7.29079393023452e-304, -1.59978456499293e-149,  3.3376107877608e-308, 4.51856706850808e-193, 2.32210853545386e-322,  2.2128675257431e+160, 2.81011657711966e+151, 1.26749298849904e-259,  -1.39173258598853e-258, -1.1031088771113e-146, 3.84096253354195e-250,  1.62969279971393e-311, -1.60002261016404e-149, 4.72828194932162e-308,  -1.10310852718651e-146, -6.19058542765087e+306, NaN, NaN, NaN,  NaN, NaN, 2.73930630202376e-82, -1.10310852891461e-146, 1.27963476101062e-307,  2.12196341187911e-314, NaN, NaN, 4.86271355728241e+179, -6.64212012698468e-18,  -1.10310852891461e-146, 2.77447945340187e+180, NaN, NaN, NaN,  NaN, NaN, NaN, 2.73780784900488e+180, 2.77448001762435e+180,  4.76482363730575e+179, 2.77448001762435e+180, NaN, NaN, -1.59985281704443e-149,  1.22169800628894e+161, -1.61703148677611e-148, 1.22839110481529e-305,  -1.10310852891459e-146, 8.78434775326897e-310, 5.22026549969163e-317,  0, 0, 0, 2.781342323134e-308, 3.65808074582728e+181, 2.77448001762435e+180,  2.77448001762435e+180, 2.77448001762435e+180, 4.66083586219132e-306,  -9.98017108214494e-150, NaN, NaN), w = c(2.77427939514751e+180,  2.77448001762435e+180, 2.77448001762432e+180, 6.08113124126605e-13,  2.77448001762435e+180, NA, 1.15068329634908e+179, 2.77448001762435e+180,  6.08113124126605e-13, 2.77448001762435e+180, 1.50405506825556e+161,  0), x = c(NaN, 7.17091396433123e+149, -5.82766839796468e+303,  -9.77579636334044e-150, 1.10706108169379e-80, 8.71475516776216e-308,  5.80830476757912e+180, 2.77448048318035e+180, -1.08838732968532e-146,  -1.10319766639984e-146, -1.62597609433667e-260, 3.41725734665039e-312,  6.92446207851084e+274, 1.22176384420301e+161, NaN, 8.44982544108314e-308,  -3.33212285245057e+305, -6.03341950748825e+306, 1.2283911319647e-305,  NaN, 2.57789348277554e-313, 3.1315160372918e-294, 1.70927326488232e-77,  Inf, -1.10299527643412e-146, -Inf, NaN, NaN, NaN, 7.2911220195564e-304,  NaN, 843.87548828125, -1.1031085272448e-146, NaN, NaN, 0, 3.23785921002061e-319,  1.2283911319647e-305, 7.29079393023459e-304, 1.39064994160936e-309,  7.50669356418119e-310, -1.77319987166314e-257, 6.86047799324486e+38,  NaN, -1.10310852891463e-146, -7.18367839641989e-148, -4.26730403782351e+304,  4.96991123000086e-307, 7.38103299037932e+160, 8.89492738520357e+252,  -3.40655754315974e+305, 2.05841805454929e+183, -3.75147685406494e+305,  1.19529785409149e+161, 3.91836485928861e+146, 4.31312636079776e-82,  844.674804687489, -2.35622551988064e-50, 3.84096253354195e-250,  3.22526053605166e-319, 0, 0, 0, 0, 0, 0, 0, -1.51771007211761e+82,  Inf, 1.45384888379042e-101, -1.10310852891461e-146, -1.61720638755778e-148,  NaN, NaN, NaN, NaN, 4.34747190111206e+149, -1.10299909640471e-146,  NaN, -6.03341950748825e+306, 1.2283911319647e-305, 7.29079393023459e-304,  1.39064994160936e-309, 0))
result <- do.call(RaceID:::ProbFun,testlist)
str(result)