testlist <- list(v = c(8.19687411242654e+107, NaN, 2.94957385726613e-312,  -5.93230041175308e+190, NaN, NaN, NaN, NaN, NaN, -2.30331152656642e-156,  -2.30331110816477e-156, -2.30331110816477e-156, -2.30331110816477e-156,  NaN, 4.65661279501484e-10, -Inf, -1.07875817774054e-146, -2.30341780061879e-156,  NaN, -2.33073147521015e-156, -2.30331110816477e-156, -2.30331110816477e-156,  -2.30331110816477e-156, -5.5516993870748e+306, NaN, NaN, 2.72459932199482e-82,  -1.10313405508576e-146, 2.77459920178017e+180, 3.32205970310416e+178,  NaN, NaN, NaN, NaN, NaN, NaN, 2.77448001543852e+180, 2.77448001762435e+180,  2.77447970846135e+180, 2.19816953728921e+209, NaN, NaN, NA, 9.93278454538583e-100,  4.6732025849565e-307, -1.07509380637938e-146, -1.10310852891461e-146,  -1.23094842280792e-148, NaN, 0, 0, 0, 1.65780921169162e-315,  2.77448048318738e+180, 2.77448001762435e+180, 2.77448001762435e+180,  4.71325997397668e-306, 6.86628922754596e+147, NaN, 0), w = c(1.20794094736641e+161,  NaN, -6.18997150569996e+306, 1.25986739689518e-321, NaN, NaN,  NaN, NaN, NaN, NaN, NaN, NaN, NaN, NaN, NaN, 2.11370828145097e-314,  0, 2.2250738585072e-308, 2.69058914210361e-82, NaN, -1.10299527643412e-146,  1.2553953967496e-305, 0, -1.1029991333577e-146, -1.10310852891461e-146,  4.69855092092481e-306, -1.4849809232639e-101, -3.56597932854902e+304,  1.62144363725299e-24, 2.02853472869499e-319, 0, 0, 0, 0, 6.47581723317039e-318,  NaN, 5.19984600493948e-169, 2.77448001762435e+180, 2.77448001762435e+180,  2.77448001762433e+180, -4.6952817251924e+305, NaN, 7.90728232141204e-82,  1.28822975391943e-231, 4.72828194926304e-308, 2.63573432300557e-82,  NaN, -0.122533761237155, -0.124019607843137, -0.124019607843137,  -0.124019607843137, -0.124019607843137, -0.124019607843137, -0.124019607843137,  -0.124019607843137, -0.124019607843137, NaN, 1.27180775192893e-259,  NaN, NaN, NaN, NaN, NaN, -6.05742567034848e+306, NaN, 8.19687412692222e+107,  8.19687411242632e+107, 8.19687411242632e+107, NaN, NaN, 8.19687411242654e+107,  NaN, NaN, 8.19782411552951e+107, 8.19687411242632e+107, 8.19687411242632e+107,  NaN, NaN, 8.19687412692222e+107, NaN, -1.12617087960214e-146,  4.65661287307739e-10, NaN, 0), x = c(-1.10310852891459e-146,  1.9885477444089e-81, NaN, NaN, 8.19687411242654e+107, NaN, 2.77448121254242e+180,  -1.10310830428694e-146, -1.10310853027474e-146, 4.79260049060208e-307,  NaN, NaN, NaN, 1.30396641354811e-310, 1.21589239592044e+161,  -3.40142356432618e+305, NaN, 3.40333563353229e-312, 0, 0, 0,  0, 1.08646184497422e-310, NaN, NaN, NaN, NaN, NaN, 2.77448121256966e+180,  NaN, -5.59863247254825e+303, NaN, NaN, NaN, NaN, NaN, NaN, NaN,  NaN, -2.30331110816479e-156, -2.30331110816477e-156, -2.30331110816477e-156,  NaN, NaN, -1.49166814624004e-154, NaN, NaN, NaN, 6.08113386035836e-13,  2.77448001762435e+180, 5.50814850933333e-310, 6.80586152066418e+38,  NaN, -1.12617174104049e-146, -8.97862998707326e+303, 7.50669439308575e-310,  -1.77319987166314e-257, 6.86047799324486e+38, -1.10310852890786e-146,  -1.05332339807941e-255, -4.26730403782346e+304, 4.96991123000086e-307,  2.27305337165849e-306, NaN, -1.32251376245863e+308, -1.10310810144387e-146,  4.09155413791646e+149, NaN, -5.70210285088653e+303, 9.52882640459454e-44,  -1.10339976746908e+217, -2.99605846714459e-145, 1.22839110481529e-305,  8.19687411885926e+107, 8.19687411242632e+107, 8.19687411242632e+107 ))
result <- do.call(RaceID:::ProbFun,testlist)
str(result)