testlist <- list(v = c(8.19687411242632e+107, 1.2024538023802e+111, 8.19687411242632e+107,  NaN, NaN, NaN, -6.22024201595601e+189, NaN, -2.33062436931282e-156,  NaN, -6.19109101163368e+306, NaN, NaN, NaN, NaN, NaN, -5.48612406879369e+303,  NaN, NaN, NaN, NaN, NaN, NaN, NaN, NaN, -6.20695021000751e-145,  1.27963475978841e-307, -3.27585791571656e+221, 1.27661649331387e-305,  2.73930630202366e-82, 8.19687411245145e+107, 8.19687411242632e+107,  8.19687411242632e+107, NaN, NaN, -6.2202391998832e+189, NaN,  -1.62597538564973e-260, -1.32251338995005e+308, NaN, NaN, NaN,  NaN, NaN, -2.30331110979915e-156, -2.30331110816477e-156, -2.30331110816477e-156,  -2.30331110816477e-156, 7.29112071068942e-304, -8.22918610261573e+304,  NaN, -1.10301341035534e-146, -5.55170039161444e+306, NaN, -2.30341821897354e-156,  -2.30331110816477e-156, -2.30331110816477e-156, -2.30331110816477e-156,  NaN, 7.2911220195564e-304, NaN, -7.57675828179168e-149, -1.10310862862622e-146,  6.92064765002293e-172, 2.72332021874044e+180, NaN, 5.4857290546343e+303,  NaN, NaN), w = c(2.77448001761581e+180, NaN, 2.77448001641668e+180,  3.55251418678954e+180, NaN, -1.06559867695611e-255, 1.74406543146896e-308,  1.20294945287609e+160, 4.17665227839069e+149, -1.10299909640471e-146,  -1.10310852891461e-146, 1.22634489398697e-305, 0, 0, 0, 0, 6.47581723317039e-318,  2.77448001944296e+180, 2.77448001762435e+180, 2.77448001762435e+180,  -1.68094570609781e-260, -6.64174085635262e-18, NaN, NaN, -7.57676053615984e-149,  8.19687411242642e+107, 8.19687411242632e+107, 8.19687411242632e+107,  NaN, 1.2024538023802e+111, -1.65476287062987e+279, 2.87284834993221e-188,  NaN, 5.77662200276745e-275, NaN, NaN, -5.48612406879369e+303,  NaN, NaN, NaN, NaN, NaN, NaN, NaN, 8.44007490684313e+107, 8.19687411242632e+107,  5.41109320177436e-312, 0, 1.28822975391943e-231, 4.79260049055028e-307,  1.36608561661808e+181, NaN, NaN, NaN, 0), x = c(2.77448001762435e+180,  NaN, NaN, -3.10503618460142e+231, NaN, NaN, 2.77448001762442e+180,  2.77439493596624e+180, 844.674509803922, 4.28316509281334e-82,  2.73389096652236e-304, 7.06416102283852e-304, NaN, NaN, NaN,  1.81528642821988e+179, 2.77448048318035e+180, -1.40683760637367e-258,  1.95658643064643e+162, -1.07509380637938e-146, -6.19058542765087e+306,  2.77438822406778e+180, NaN, 2.63561232220399e-82, 2.77448001762433e+180,  2.77448001761574e+180, 3.8838293948447e+281, 7.29023199003401e-304,  -5.48612406879369e+303, 1.19827865568155e-317, 2.7744800176243e+180,  2.77448001825838e+180, 2.77448001762435e+180, 6.08113124126605e-13,  2.77448001762435e+180, 2.77448001762435e+180, 2.78511720353091e+180,  2.77448001762435e+180, 2.77448001762683e+180, 2.77448001762435e+180,  2.77448001762435e+180, -5.48665457060411e+303, 1.25986739689518e-321,  7.85304222313512e-313, 4.96991122279975e-307, 2.27305337165849e-306,  NaN, -1.32251376245863e+308, -1.10310810144387e-146, 4.09155413791646e+149,  NaN, -5.70210285088653e+303, 5.16558714454932e-63, -1.10339976746908e+217,  -2.99605846714459e-145, 1.22839110481529e-305, 8.19687411885926e+107,  8.19687411242632e+107, 8.19687411242632e+107, NaN, NaN, 8.19687411242654e+107,  NaN, 5.16702708827787e-232, NaN, -1.0877518013205e-152, 0, 0,  0, 0, 0, NaN, NaN, NaN, NaN, NaN, 2.12455197126707e+183, NaN,  NaN, 2.77427939096206e+180, -3.56597932854902e+304, 1.62144363725299e-24,  2.02853472869499e-319, 0, 0, 8.19639067889452e+107, 8.19687411242632e+107,  8.19687411242632e+107, NaN, NaN, 8.19687412692222e+107, NaN,  NaN, NaN, NaN, NaN, NaN, NaN, 0))
result <- do.call(RaceID:::ProbFun,testlist)
str(result)