testlist <- list(v = c(843.875162129327, -1.1031085272448e-146, -2.58160763817605e-146,  3.42115319787791e-312, 0, 0, 0, 0, -1.06360664431603e-146, 2.77448001762438e+180,  2.77448001762435e+180, 2.77446418847866e+180, 2.72434621382992e-82,  1.16466726737369e+104, NaN, -6.59893104730326e-149, -1.10310852891461e-146,  8.05038841218973e-301, -1.06559826235132e-255, -1.62597506665163e-260,  5.97819431467908e-322, 0, 1.08646184497422e-310, 2.80499115663326e+180,  2.77448001762435e+180, 2.77448001762435e+180, 3.8838293948447e+281,  2.7244629919438e-82, -1.0636883942036e-146, NaN, 2.98967986989092e-310,  -4.63046684267519e-164, 1.13035301120496e-258, -5.5490799408936e+303,  2.11373899751217e-314, 1.28165166976155e-305, 3.59201270752749e+102,  2.77478395267997e+180, 2.80499069595008e+180, 2.77448001762435e+180,  -6.20676807244328e-145, 1.390663339308e-309, 1.21327258647584e-305,  1.98937105402994e-315, 1.22176375461319e+161, 852.171021054539,  -3.40142356431653e+305, NaN, 3.40333563353229e-312, 0, 0, 0,  0, 1.08646184497422e-310, 7.0742035041482e+38, -1.10310852890786e-146,  -1.05332339807941e-255, NaN, NaN, NaN, NaN, NaN, -7.57684351807415e-149,  -1.10310852891461e-146, 2.98798227325815e-310, 8.28891957765276e-317,  5.43222633441051e-312, -1.10310852656011e-146, -6.19058542765087e+306,  9.56678608114857e-82, 8.07318536090582e+107, 2.88100900351069e+277,  NaN, -5.93267857379134e+190, -1.10299909640473e-146, NaN, -6.03341950748825e+306,  1.2283911319647e-305, 7.29079393023459e-304, 1.39064994160935e-309,  -3.38084306397821e+221, -1.6169667807908e-148, 8.1968757592592e+107,  8.19687411242632e+107, 8.19687411242632e+107, NaN, NaN, 8.19687411248294e+107,  NaN, 7.55090907461389e-310, -1.77319987166314e-257, NaN, NaN),      w = NaN, x = c(1.16655906886902e-305, NaN, 0, 0, 0, 2.37636445786895e-212,      NaN, NaN, NaN, -2.33073147850006e-156, -2.30331110816477e-156,      -2.30331110816477e-156, -2.30331110816477e-156, NaN, NaN,      NaN, NaN, NaN, NaN, 2.7545246171356e+180, 1.50404863131297e+161,      NaN, 1.85550040157723e+46, NA, NaN, NaN, 1.16466726737369e+104,      NaN, -6.59893104730326e-149, -1.10310852891461e-146, 8.05038841218973e-301,      -1.06559826235132e-255, NaN, -1.0322989595359e-255, 5.20522252862634e+223,      1.22851880032673e-305, NA, 2.00095114634303e-81, 2.85279195074302e+180,      -1.10319766726833e-146, 1.16718057502212e-312, -3.38084146203198e+221,      4.67320488451344e-307, -1.07509380637938e-146, 8.19687411242632e+107,      8.19687411242632e+107, 4.00654860689275e-42, NaN, 8.44007490684346e+107,      NaN, -1.71441377149803e+304, 4.79260049057841e-307, NaN,      NaN, NaN, NaN, NaN, NaN, -2.30331110816479e-156, -2.30331110816477e-156,      -2.30331110816477e-156, -2.30331110816477e-156, 5.43230910297028e-312,      NaN, NaN, -1.10310852746322e-146, NaN, 4.65661279501484e-10,      -2.30331110979915e-156, -2.30331110816477e-156, -2.30331110816477e-156,      -2.30331110816477e-156, NaN, 5.43230922486616e-312, NaN,      -1.10299909607175e-146, -1.10310852891613e-146, 2.73750313328962e+180,      -4.69526031333217e+305, NaN, NaN, NaN, NaN, NaN, 5.19984600493948e-169,      2.77448001762435e+180, 0))
result <- do.call(RaceID:::ProbFun,testlist)
str(result)