testlist <- list(v = c(6.08113124126605e-13, NaN, -Inf, -9.92615756273826e-234,  -9.9261575707946e-234, 2.77448001783569e+180, NaN, 6.73197581550614e-81,  1.19511565902113e+161, 1.1180560050969e-128, 1.39064994172845e-309,  -3.38084306397821e+221, -1.6169667807908e-148, 8.1968757592592e+107,  8.19687411242632e+107, 8.19687411242632e+107, 2.77448001783569e+180,  2.77448001783569e+180, 8.19687411248294e+107, NaN, 7.55090907461389e-310,  1.80331613853097e-130, 0), w = c(NA, NaN, NaN, -2.30331152656642e-156,  -2.30331110816477e-156, -2.30331110816477e-156, -2.30331110816477e-156,  NaN, 4.65661279501484e-10, NaN, -1.07875817774054e-146, -2.30341780061879e-156,  NaN, -2.33073147521015e-156, -2.30331110816477e-156, -2.30331110816477e-156,  -2.30331110816477e-156, -5.5516993870748e+306, NaN, NaN, 2.72459932199482e-82,  -1.10313405508576e-146, 2.77459920178017e+180, 3.32205970310416e+178,  NaN, NaN, NaN, NaN, 1.2285188998843e-305, 1.20794052510893e+161,  NA, -9.9261575707946e-234, -9.9261575707946e-234, 2.19826239091559e+209,  NaN, NaN, 2.96564643369313e-248, Inf, 4.6732025849565e-307, -1.07509380637938e-146,  -1.10310852891461e-146, -1.23094842280792e-148, 0, 0, 0, 0, 1.65780921169162e-315,  2.77448048318738e+180, 2.77448001762435e+180, 2.77448001762435e+180,  4.71325997397668e-306, 6.86628922754596e+147, NaN, 2.39702576295512e+186,  2.72498829892464e-82, 7.04537412467411e+147, -1.66344039361937e-260,  1.20687604847946e+111, -1.68533731393342e+308, -1.08764803882915e-146,  2.12455197126707e+183, 2.77448001762435e+180, 7.17091154350901e+149,  -1.72720127094597e-260, NaN, 5.98008216632976e+197, Inf, NaN,  NaN, NaN, NaN, NaN, 7.2911220195564e-304, -1.31280066062648e+308,  8.5747597567452e+101, -5.48612406879369e+303, 1.6899913998574e-308,  1.25986739689518e-321, 0, NaN, -1.65455612825194e-260, NaN, NaN,  NaN, 0), x = c(2.77478395267997e+180, 2.80499069595008e+180,  2.77448001762435e+180, -6.20676807244328e-145, 1.390663339308e-309,  1.21327258647584e-305, 1.98937105402994e-315, 1.22176375461319e+161,  5.41063458111795e+159, 1.1951156590272e+161, 3.91836485928861e+146,  4.31312636079776e-82, 844.674804687489, -1.10310853027475e-146,  1.68944827290416e-308, NA, -1.77320145539248e-257, 6.86047799324486e+38,  -1.10310852890786e-146, -1.05332339807941e-255, NaN, NaN, 1.83655322959566e-190,  NaN, NaN, -7.57684351807415e-149, NA, 2.98798227325815e-310,  2.15162051601661e-312, 2.77448001762435e+180, 2.77448001762435e+180,  2.77802574626235e+180, 2.77448001762435e+180, 2.87263656098187e-188,  2.75421871115391e+180, 2.77448001762435e+180, 0))
result <- do.call(RaceID:::ProbFun,testlist)
str(result)