testlist <- list(v = c(NaN, Inf), w = c(NaN, NaN, NaN, 2.73930630202376e-82,  -1.10310852739311e-146, NaN, NaN, 0, NaN, NA, NaN, -1.12617174104049e-146,  -8.97862998707326e+303, 7.50669439308575e-310, -1.77319987166314e-257,  -Inf, -1.10310852890786e-146, -1.05332339807941e-255, -4.26730403782346e+304,  4.96991123000086e-307, 2.27305337165849e-306, NaN, NaN, 8.41538531977848e+276,  2.73930745598816e-82, -1.10310852891461e-146, 1.267492988505e-259,  -1.39173258598853e-258, -1.1031088771113e-146, -5.48612519293078e+303,  -3.38084305772061e+221, 4.17665228871468e+149, 2.07019606960368e+109,  8.19687411242632e+107, 8.19687411242632e+107, 1.2981778952918e-307,  NaN, 8.19782411552951e+107, -6.50660698225751e+303, NaN, -5.6006938709431e+303,  -5.93230042010658e+190, NaN, NaN, NaN, NaN, NaN, -2.30331152656642e-156,  -2.30331110816477e-156, -2.30331110816477e-156, -2.30331110816477e-156,  NaN, 4.65661279501484e-10, NaN, -1.07875817774054e-146, -2.30341780061879e-156,  NaN, -2.33073147521015e-156, -2.30331110816477e-156, -2.30331110816477e-156,  -2.30331110816477e-156, -5.5516993870748e+306, NaN, NaN, 2.72459932199482e-82,  -1.10313405508576e-146, 2.77459920178017e+180, 3.32205970310416e+178,  NaN, NaN, NaN, NaN, NaN, NaN, 2.77448001543852e+180, 2.09487881197372e-308,  -7.22947573429249e+221, -7.18368285876932e-148, NaN, NaN, 2.96564643369313e-248,  9.93278454538583e-100, NA, -1.07509380637938e-146, -1.10310852891461e-146,  2.73930630458192e-82, -1.10310852891461e-146, 1.33976989123868e-314,  0, 0, 1.65780921169162e-315, 2.77448048318738e+180, 2.77448001762435e+180,  2.77448001762435e+180, 4.71325997397668e-306, 6.86628922754596e+147,  NaN, NaN, 2.72498829892464e-82, 0), x = c(-1.28585369503283e-259,  NaN, -5.9161177126119e+188, -3.40825762698648e+192, 2.2250738660161e-308,  1.79266204419481e-310, 9.34531215635012e-307, -1.35787106323707e+82,  -1.08404572502638e-146, 2.77448001763145e+180, 2.77448001762435e+180,  1.16466726698998e+104, -1.06241716765786e-255, -1.1031088771113e-146,  NaN, NaN, -1.61696678468289e-148, -1.10310852890809e-146, -1.1031986182123e-146,  -1.10310852891461e-146, -5.48612519293078e+303, -5.96890298684785e+306,  4.77772643698368e-299, -9.77579636319882e-150, -1.10310810158093e-146,  4.02214926014281e-87, -1.10299913203472e-146, -6.19058542765087e+306,  NaN, NaN, NaN, NaN, NaN, 2.73930630202376e-82, -1.10310852891461e-146,  -1.10310853028926e-146, NaN, 7.29023199002439e-304, 863.95361328125,  5.84299178569326e-308, 1.79150954973061e-260, -1.10310852890809e-146,  3.03421249281475e-86, -6.40666477311087e-145, 1.7916096332868e-260,  3.0168752299431e-248, 1.21061510081624e-305, 2.64285525463331e-260,  1.74431449207969e-308, 7.29111854289638e-304, 1.28220098524628e-259,  -1.98888051942091e-147, -7.57684352476211e-149, -1.10310852891461e-146,  4.31312636079786e-82, 844.674804687489, -6.19058543528392e+306,  NaN, -3.38084306395377e+221, -1.00814639600149e-258, 8.30480095183944e+107,  8.19687411242632e+107, 8.19687411242632e+107, -5.56024199995058e+303,  NaN, 8.19687782337594e+107, NaN, -1.06548130191873e-255, 1.26018332782824e-259,  NaN, NaN, NaN, NaN, NaN, -1.49166814624004e-154, -2.30331110816477e-156,  -2.30331110816477e-156, -2.30331110816477e-156, 2.90989930456709e+101,  8.27582418589358e-313, 0, NaN, -5.82900682309329e+303, -5.55307629664494e+306,  1.39067113036118e-309, NaN, -2.30331110816479e-156, -2.30331110816477e-156,  -2.30331110816477e-156, -2.30331110816477e-156, NaN, NaN, -1.74157008342188e+238,  2.77448007172788e+180, 2.77448017993493e+180, 2.77447970846135e+180,  2.77448001762435e+180, 0))
result <- do.call(RaceID:::ProbFun,testlist)
str(result)