testlist <- list(v = c(NaN, 1.26480805335359e-321, 0, 2.52115825238224e+299,  1.52485258912309e-317, NaN, Inf, 2.55827853386896e-310, -3.56597932854902e+304,  6.80586152066418e+38, NaN, -1.12617174104049e-146, -8.97862998707326e+303,  7.50669439308575e-310, -1.77319987166314e-257, NaN), w = c(-1.32251338995005e+308,  1.45384888379042e-101, -1.10310852891461e-146, -1.61720638755778e-148,  NaN, -1.06368906644016e-146, -1.10310852891996e-146, 1.7916096332868e-260,  -1.06559826235874e-255, -1.62597506665163e-260, -1.05332307727195e-255,  -4.26730403782346e+304, 4.96991123000086e-307, 2.72312053146269e+180,  -1.67561746654931e+279, 2.87284834993221e-188, 1.16466726738218e+104,  1.22839138508205e-305, 2.17990807223936e-106, -3.18195195990034e+305,  5.19307756126663e-317, 0, 0, 0, 0, 1.28220160550182e-259, 7.5309630621357e-310,  -1.38244411053104e-157, 7.29112071068942e-304, NaN, NaN, 2.75421871115391e+180,  2.77448001762435e+180, NaN, -1.06559867522713e-255, 4.77829528191517e-307,  1.51468891714125e-312, 1.92678438513886e+46, 1.79406113923196e+159,  -1.11668384804754e-258, 2.77447923879493e+180, 6.92064648872507e-172,  2.77448001762435e+180, 2.77448001762435e+180, 2.77448001762433e+180,  2.77448001762435e+180, 6.84568365052401e+180, 2.77448001762435e+180,  2.77448001825838e+180, 2.77448001762435e+180, 2.77448001762435e+180,  -1.12592794746801e-146, 2.98798227206459e-310, -3.38043296574282e+221,  2.91036224748664e+101, -7.57684351807415e-149, 4.97020419531654e-307,  2.77448001762435e+180, 2.77447945340187e+180, 2.77448001762435e+180,  2.77440087189588e+180, 2.77447923698777e+180, 6.92064648872507e-172,  2.77448001762435e+180, 2.77448001762435e+180, 2.77448001762433e+180,  2.77448001762435e+180, 6.84568365052401e+180, 2.77448001762435e+180,  2.77448001825838e+180, 2.77448001762435e+180, 2.77448001762435e+180,  NaN, NaN, NaN, NaN, NaN, NaN, NaN, NaN, NaN, NaN, 7.06343787261432e-304,  8.25679295903193e-317, 2.91041058328266e+101, 5.02313340215795e-79,  2.10542903467468e+262, 2.77459919996156e+180, -8.36654822864507e-148,  -1.12592772513212e-146, 5.43227866916878e-312, 8.74817880743181e-310,  7.77098067980446e-318, 1.22176384385441e+161, -3.75167766760458e+305,  2.79559209340844e-85, 3.79262185861395e+146, -7.5859648040774e-149,  -1.61697632320146e-148), x = c(9.52682052708715e+139, 1.329427981671e-314,  8.88011842370166e+252, Inf, 0, 0, 0, 5.1670965924721e-232, -1.1029542246779e-146,  NaN, 9.93416775626196e-100, -0.124019607754574, -0.124019607843137,  -0.124019607843137, -0.124019607843137, -0.124019607843137, -0.124019607843137,  -0.124019607843137, 0))
result <- do.call(RaceID:::ProbFun,testlist)
str(result)