testlist <- list(v = c(NaN, -2.33073147850006e-156, -2.30331110816477e-156,  NaN, 5.43230922486616e-312, Inf, -1.10299909607175e-146, -1.10310852891613e-146,  2.73750313328962e+180, 2.14324857999657e-312, 0, 0, 0, 1.30884700417726e-310,  9.97361658486579e-313, NaN, 5.64955526520988e-283, 1.15142278277226e-250,  7.06343787261419e-304, 8.25679295903193e-317, -1.8163967740095e-257,  3.15311954077415e-317, 0, 0, 3.24180903818828e+178, NaN, -1.61698169553752e-148,  1.36369246894491e+160, 4.20847883380447e-147, -9.9261575707946e-234,  -9.9261575707946e-234, 2.28579319633623e+180, 2.77448001762435e+180,  2.77448001641668e+180, 3.55251418678954e+180, NaN, -1.06559867695611e-255,  1.74406543146896e-308, 1.20294945287609e+160, -0.124019607842948,  -0.124019607843137, NaN, NaN, NaN, 7.74518382969842e-121, -8.22918610261573e+304,  NaN, -1.10301341035534e-146, -5.55170039161444e+306, NaN, -Inf,  -2.30331110816477e-156, -2.30331110816477e-156, NaN, NaN, -2.33073147850006e-156,  NaN, NaN, 5.43230922486616e-312, NaN, -1.10299909607175e-146,  -1.10310852891613e-146, 2.73750313328962e+180, 2.14324857999657e-312,  0, 0, 0, 1.30884700417726e-310, 0), w = c(3.15311954077415e-317,  0, 0, 3.24180903818828e+178, NaN, -1.61698169553752e-148, 1.36369246894491e+160,  4.20847883380447e-147, -9.9261575707946e-234, -9.9261575707946e-234,  2.28579319633623e+180, 2.77448001762435e+180, 2.77448001641668e+180,  3.55251418678954e+180, NaN, -1.06559867695611e-255, 1.74406543146896e-308,  1.20294945287609e+160, -0.124019607842948, -0.124019607843137,  -0.124019607843137, -0.124019607843137, -2.22949197607924e+307,  NaN, NaN, NaN, NaN, NaN, NaN, 2.00750284821717e-317, 0, 4.51856706850806e-193,  2.32210853545386e-322, -1.08365848522091e-146, -1.10310852891461e-146,  4.10763446875266e+149, NaN, 5.72064846167812e+103, 9.93278454541753e-100,  4.6732025849565e-307, -1.07509380637938e-146, -1.10310852891461e-146,  -1.23094842280792e-148, 1.61219404024092e-98, NaN, NaN, NaN,  NaN, NaN, -1.7836941522327e-257, 1.22176384261602e+161, NaN,  NaN, NaN, NaN, 2.34391196230039e+186, 1.83655322959566e-190,  1.43841680742872e+161, 1.9377203444371e+162, 2.78482707563589e-82,  2.10542903467468e+262, -1.07732275230846e+236, -1.07730874267432e+236,  -1.07730874267432e+236, -1.07730874267432e+236, -1.07730874267432e+236,  -1.07730874267432e+236, -1.07730874267432e+236, -1.07730874267432e+236,  -1.07730874267432e+236, -1.07730874267432e+236, 1.19529785409149e+161 ), x = c(-2.33073147850006e-156, NaN, NaN, NaN, 4.76482364314044e+179,  2.77448001762435e+180, -5.48665457060286e+303, 2.67008884903946e-307,  NaN, -6.19109101163368e+306, NaN, 2.9323024972942e-312, -5.93230041175308e+190,  -1.68080708405435e-260, -6.64174085635262e-18, NaN, NaN, -7.57676053615984e-149,  -5.9889215188886e-148, 8.62216242085285e-308, 1.31508573024891e-192,  NaN, 2.77448001762442e+180, 1.1303530502492e-258, -5.5490799408936e+303,  NaN, NaN, NaN, NaN, -5.48612406879369e+303, NaN, NaN, NaN, NaN,  NaN, NaN, NaN, 7.74518382969842e-121, NaN, NaN, 0))
result <- do.call(RaceID:::ProbFun,testlist)
str(result)