testlist <- list(v = c(-9.9261575707946e-234, 2.07165040062751e-312, 9.77579634498991e-150,  3.99486950920064e-310, 8.27582418742518e-313, 0, NaN, NaN, Inf,  NaN, 1.22839178809243e-305, 1.20794052510925e+161, NaN, 7.17153050966969e+149,  -5.82766839796468e+303, -9.77579636334044e-150, NaN, 4.9699112299616e-307,  NaN, 2.72311959574762e+180, 2.77448001762435e+180, 2.77448001761574e+180,  2.77448001762435e+180, Inf, 2.77448001762435e+180, -8.97862997473067e+303,  -1.81842130657624e-257, -5.90137519938812e-148, NaN, NaN, NaN,  NaN, NaN, NaN, NaN, NaN, NaN, NaN, NaN, NaN, 2.87284834993221e-188,  1.16466726738218e+104, NaN, NaN, NaN, -1.64583722063811e+305,  NaN, NaN, NaN, NaN, NA, NaN, NaN, 1.22839178809243e-305, NaN,  NaN, -1.62597538071963e-260, -1.32251338995005e+308, 1.45419769586051e-101,  -1.10310852891461e-146, -1.61720638755778e-148, -1.10310810158093e-146,  4.02214926014281e-87, NaN, -2.30331110816479e-156, -2.30331110816477e-156,  NaN, NaN, 2.77428136960527e+180, 2.77448001762435e+180, 2.77448001762435e+180,  2.77448001762435e+180, 1.50404863131297e+161, 3.06555420819957e-115,  2.77435884706594e+180, 3.32205970310421e+178, 2.77448001762435e+180,  2.77448001542036e+180, 2.77448001762435e+180, 2.77447970846135e+180,  2.77448001762435e+180, 2.77448001762435e+180, 2.77448001542036e+180,  2.77448001762435e+180, 2.77447970846135e+180, 2.19816953728921e+209,  2.77448001762435e+180, 2.77802574626235e+180, 2.7745215691318e+180,  2.77448001762435e+180, 2.77448001762435e+180, 6.84568365052401e+180,  2.77448001783569e+180, 2.77448001825838e+180, 2.77448001641668e+180,  2.77448001762435e+180, 7.06416102283852e-304, 1.5908836063716e+161,  -6.79666980600002e-148, 0), w = c(NaN, NaN, 2.72362612472923e+180,  2.77448001762435e+180, 2.77448001542036e+180, 2.77448001762435e+180,  1.28165149475935e-305, 3.59220494636072e+102, 1.22170806777383e+161,  2.77801235928972e+180, 2.73750313328251e+180, 2.77448001762435e+180,  Inf, 2.77448001762435e+180, 2.7744800178055e+180, 2.7745215691318e+180,  NA, 2.77448001762435e+180, 6.84568365052401e+180, 2.77448001762435e+180,  2.77448001762435e+180, 2.77447923393841e+180, 3.68218654895109e+180,  6.84568365052401e+180, 4.76482363730575e+179, 2.77448001762435e+180,  NaN, -5.70210285088653e+303, 2.00995441321026e-310, 2.55827853386896e-310,  8.69169475979376e-311, 6.80586152066418e+38, NaN, -9.48002239087549e+306,  NaN, -1.0741158939086e-146, 1.80359410608746e-130, 863.953921568627,  NaN, 1.1303530487231e-258, NaN, NaN, 7.2911220195564e-304, 8.64823837639466e-308,  NaN, 8.69169475979376e-311, 6.80586152066418e+38, -2.30341599747474e-156,  -2.30331110816477e-156, 1.39067113036118e-309, 9.45308722074805e-307,  2.77448001762435e+180, 2.77448001762435e+180, 2.77448001762435e+180,  2.77448001762435e+180, 2.77448001750358e+180, 3.0654356309538e-115,  2.77448001762435e+180, 2.77448001762435e+180, 2.77448001762435e+180,  2.77448001762435e+180, NaN, NaN, NaN, 2.85279195360568e+180,  2.77448001762435e+180, 2.77448001762435e+180, 2.7745215691318e+180,  844.654978553922, -5.87581259184314e+295, NA, -6.19024650798474e+306,  0), x = c(2.77448001761797e+180, 2.77448001762435e+180, 2.77447998670805e+180,  3.06543563095383e-115, 2.77448007945692e+180, 2.72311959450545e+180,  -9.52157095844336e-307, 2.77448001762435e+180, 2.77448001762435e+180,  NaN, NaN, NaN, 2.77448001762435e+180, 2.77462050129239e+180,  -1.08775180132047e-152, 8.28904605845809e-317, 0, 2.90989929806391e+101,  1.1303530487231e-258))
result <- do.call(RaceID:::ProbFun,testlist)
str(result)