testlist <- list(v = c(NaN, NaN, NaN, NaN, NaN, NaN, 2.77433676696568e+180,  2.77448001762435e+180, 2.75421871113567e+180, 2.77448001762435e+180,  NaN, NaN, -1.77320032574829e-257, 1.22176358702502e+161, 1.2283912889123e-305,  2.73930630202366e-82, -1.10310852891461e-146, 2.63595592567274e-82,  2.03915714008058e-319, 0, 0, 0, 1.08646184497422e-310, 2.80499115663326e+180,  2.77448001762435e+180, 2.77448001762435e+180, NaN, 2.7244629919438e-82,  -1.0636883942036e-146, NaN, NaN, NaN, 1.16466726737835e+104,  7.26935324956677e-304, NaN, 2.77448121256966e+180, 4.34801068357136e-82,  2.73389096652236e-304, -7.58630349763562e-149, NaN, 5.4857290546343e+303,  NaN, NaN, NaN, NaN, 5.72064846167812e+103, 9.93278454541753e-100,  4.6732025849565e-307, -1.07509380637938e-146, NaN, NaN, NaN,  NaN, NaN, NaN, NaN, 2.11370828145097e-314, 0, 2.2250738585072e-308,  1.79266204419481e-310, -4.25174675449418e+304, -6.40666590458592e-145,  1.28220160550184e-259, 4.66127441503902e-306, -1.59978456499293e-149,  8.37392217177843e-299, -1.81639677400315e-257, 2.72343940289626e+180,  2.11868464537613e-310, 0, NaN, NaN, NaN, NaN, NaN, NaN, 2.7545246171356e+180,  2.77448001762435e+180, 2.77448001761963e+180, 2.77751921359765e+180,  NaN, 1.92678438515305e+46, 2.76006706153762e-135, -1.11668384804754e-258,  -1.00814639599636e-258, -1.10310810144387e-146, 3.33761078778117e-308,  4.92032495196751e+160, 1.01685603085403e+146, 5.72097298745591e+103,  9.93193693889994e-100, 0), w = NaN, x = c(1.80107070497287e-255,  NaN, 1.80107070497287e-255, 1.80107070497287e-255, 1.80107070497287e-255,  1.68077303664159e-260, 1.80107070497288e-255, 1.80107070497287e-255,  2.74821579738292e-260, 1.8010707072983e-255, 1.80107070497287e-255,  8.71475516847109e-308, 5.80830476757912e+180, 2.77448048318035e+180,  -1.08838732968532e-146, -1.10319766639984e-146, -Inf, 3.41725734665039e-312,  6.92446207851084e+274, 1.22176384420301e+161, NaN, 8.44982544108314e-308,  4.66127441501334e-306, -1.59978456499293e-149, 4.72828194932162e-308,  -1.10310852718651e-146, 3.42981092236648e-312, 0, Inf, NaN, 4.80615708347042e-306,  -1.59978456499293e-149, NaN, NaN, NaN, NaN, NaN, -2.33073147850006e-156,  -2.30331110816477e-156, 1.80769396681626e-255, -2.30331110816477e-156,  -5.5516993870748e+306, NaN, -5.48612406876344e+303, 4.51166215498233e-10,  2.77459920178017e+180, 2.77448001542036e+180, 2.77447923698777e+180,  6.92064648872507e-172, 2.77448001762435e+180, 2.77448001762435e+180,  2.77448001762433e+180, 2.77448001762435e+180, 6.92064648872507e-172,  2.77448001762435e+180, 2.77448001762435e+180, 3.0138004396316e-322,  2.63560980874813e-82, 6.84568365052397e+180, 2.77448001783569e+180,  2.77448001762683e+180, 2.77448001762435e+180, 2.77448001762435e+180,  1.44059247223433e+214, 3.8838293948447e+281, 6.08113124126605e-13,  2.77448001762435e+180, 2.67026075984996e-307, -1.10310852891458e-146,  863.953921568627, NaN, NaN, NaN, NaN, 7.2911220195564e-304, -1.07509380637938e-146,  -6.19058542765087e+306, -7.5859648040774e-149, 2.15167057584961e-312,  1.22176384385441e+161, -3.75167766760458e+305, 2.79559209340844e-85,  3.79262185861395e+146, -7.5859648040774e-149, 0))
result <- do.call(RaceID:::ProbFun,testlist)
str(result)