testlist <- list(v = c(8.28891957765276e-317, 5.84299178569326e-308, 1.85155250930432e-317,  0, 2.67846525103339e-306, 5.95645542626207e-320, NaN, 4.38377337816572e-193,  9.99327552292098e-313, -5.48620778040363e+303, 2.67008884903946e-307,  NaN, -6.19109101163368e+306, NaN, 2.9323024972942e-312, -5.93230041175308e+190,  2.67014465089752e-307, -1.10310852891458e-146, 863.953921568627,  NaN, 4.69003513780438e-310, NaN, 2.77448001762435e+180, 2.77448001762435e+180,  -1.28585369676209e-259, 1.26018332782824e-259, 9.77579636145905e-150,  1.20033910553458e-308, -1.73617371294894e-109, 1.29082092908943e+160,  6.8154782609351e-307, 1.26746360610735e-259, -6.1910910116034e+306,  NaN, NaN, 2.84131549442564e-307, 2.94957388509685e-312, -5.93230041175308e+190,  2.67014465089752e-307, 2.7393063036728e-82, -1.12617174104049e-146,  -1.10310852891461e-146, 9.48245769178017e-150, -1.10310808652211e-146,  -1.10310852891461e-146, 1.39610692941392e-308, 1.28220098524628e-259,  -1.62612650741105e-260, -1.32251338995005e+308, NaN, NaN, 2.79982787069759e+101,  1.06877696362928e-305, 1.15142278267391e-250, 1.28165167092813e-305,  3.59201270752749e+102, 2.77478395267997e+180, 2.80499069595008e+180,  2.77448001762435e+180, -6.20676807244328e-145, 1.390663339308e-309,  1.21327258647584e-305, 1.98937105402994e-315, 1.22176375461319e+161,  5.41063458111795e+159, 1.1951156590272e+161, 3.91836485928861e+146,  4.31312636079776e-82, 844.674804687489, -1.10310853027475e-146,  1.68944827290416e-308, 6.36598749888256e-314, -1.77320145539248e-257,  NaN, NaN, -1.0973332318009e-146), w = c(4.02214926014281e-87,  NaN, 2.77448001762442e+180, 2.77448001762435e+180, 2.77448001762435e+180,  2.77448001762435e+180, NaN, NaN, 5.98008216632976e+197, NaN,  NaN, NaN, NaN, NaN, NaN, NaN, NaN, NaN, -5.48612519293078e+303,  1.25986739689518e-321, 8.07332234841838e+107, 4.00654860689275e-42,  NaN, 8.44007490684346e+107, 2.53492666450944e-294, -1.71441377149803e+304,  1.2882297539195e-231, 4.72828194926304e-308, 1.14283993066943e-250,  NaN, -1.59978456500191e-149, 8.28597000574709e-317, 0, NaN, 5.98008216632976e+197,  NaN, NaN, NaN, NaN, NaN, NaN, NaN, NaN, NA, -5.48612406879369e+303,  -9.82094975854981e-260, -3.54990026793784e-146, 2.07040146120611e+109,  8.19687411242632e+107, NaN, NaN, 8.19687411248294e+107, NaN,  NaN, 2.7744800222921e+180, Inf, NaN, 1.16466726737369e+104, NaN,  -6.59893477647362e-149, -1.10310852891461e-146, 8.05038841218973e-301,  7.06331669265208e-304, -Inf, NaN, 1.13855737786528e-79, 8.79816802060099e-308,  2.52058090818112e-192, 1.43077799572032e-153, 2.84131549443292e-307,  1.26480805335359e-321, NaN, 2.67014464453013e-307, -1.10310852891458e-146,  863.953921568627, 0), x = c(-8.94559941093327e+192, -1.27362752287772e-259,  -5.54952109581765e+303, 2.78309107290015e+180, 2.77448001944293e+180,  -1.10305102423012e-146, -1.10310887710791e-146, 1.16466726860243e+104,  1.33486615087126e-314, -1.09722481375874e+306, 3.10076557552588e+45,  -1.06551793523307e-255, 1.77728769898378e+159, 4.01100666710454e+149,  NaN, -5.70210285088653e+303, -1.065550726648e-255, 1.38523985933177e-309,  -1.89753766130877e-102, NaN, -6.59893104730326e-149, -1.10310852891461e-146,  8.05038841218973e-301, NaN, NaN, NaN, NaN, -1.00823124635227e-258,  3.42030927905186e-312, 1.31508568779145e-192, 2.77447959791764e+180,  2.15162731612371e-312))
result <- do.call(RaceID:::ProbFun,testlist)
str(result)