testlist <- list(v = c(844.674804687489, NaN, NaN, -3.38084306395377e+221,  -1.00814639600149e-258, 8.30480095183944e+107, -Inf, 8.19687411242632e+107,  -5.56024199995058e+303, NaN, 8.19687782337594e+107, NaN, -1.06548130191873e-255,  1.26018332782824e-259, NaN, NaN, NaN, NaN, NaN, -1.49166814624004e-154,  Inf, -2.30331110816477e-156, -2.30331110816477e-156, -2.30331110816477e-156,  3.87096750002232e+146, NaN, -5.82900682309329e+303, -5.55307629664494e+306,  1.39067113036118e-309, NaN, -2.30331110816479e-156, -2.30331110816477e-156,  -2.30331110816477e-156, -2.30331110816477e-156, NaN, NaN, 4.86271355728241e+179,  -Inf, -1.10310852891461e-146, 2.77447945340187e+180, NaN, NaN,  NaN, NaN, NaN, NaN, 2.73780784900488e+180, 2.77448001762435e+180,  4.76482363730575e+179, 2.77448001762435e+180, NaN, NaN, -1.59985281704443e-149,  1.22169800628894e+161, -1.61703148677611e-148, 1.22839110481529e-305,  -1.10310852891459e-146, 8.78434775326897e-310, 5.22026549969163e-317,  0, 0, 0, 1.85542200051775e+46, 1.79406113923196e+159, 4.09173934791527e+149,  -9.77579636320993e-150, 2.77448001944292e+180, 2.77448001762435e+180,  2.77448001762435e+180, -1.68094570609781e-260, -6.64174085635262e-18,  NaN, NaN, -7.57676053615984e-149, -5.9889215188886e-148, 0),      w = c(5.77662200276745e-275, NaN, NaN, -5.48612406879369e+303,      NaN, NaN, NaN, NaN, NaN, NaN, NaN, 7.74518382969842e-121,      8.25667290107999e-317, 0, 8.69169475979376e-311, 1.26018332782824e-259,      9.77579636145905e-150, -1.10310808652211e-146, 1.2367604031846e-305,      0, NaN, NaN, NaN, NaN, NaN, NaN, NaN, NaN, -2.30331110816479e-156,      -2.30331110816477e-156, -2.30331110816477e-156, NaN, 3.06543563096087e-115,      2.77448001761713e+180, 2.77448001762435e+180, Inf, 1.28165166451901e-305,      NaN, 1.22170806777383e+161, NaN, NaN, 2.77448001762435e+180,      2.77448001762435e+180, 1.35556214814586e-43, 2.90989930152687e+101,      1.1303530487231e-258, -5.5490799408936e+303, 1.84848952364152e-314,      1.28165166975507e-305, 3.59201270752749e+102, 8.88790515523566e+247,      7.17091155030805e+149, -5.82766839796468e+303, 5.35917277081613e+159,      1.86693916737625e+159, 2.81011657711966e+151, 1.26749298849904e-259,      -1.39173258598853e-258, -1.1031088771113e-146, 1.18544029314125e-125,      8.25667290107999e-317, 0, 0, 0, 0, 0, 0, 0, 2.48671381753743e-316,      -5.93230042499694e+190, 2.67014465089752e-307, -1.10310852891458e-146,      863.953921568627, NaN, NaN, NaN, NaN, 7.2911220195564e-304,      -1.07509380637938e-146, -6.19058542765087e+306, -7.5859648040774e-149,      -1.61697632320146e-148, NaN, 7.29023199002439e-304, 1.26067926120137e-305,      1.33638796792106e-314, 0, 0, 0, 2.37636445786895e-212, -1.1029542246779e-146,      2.77448001762435e+180, 2.77448001762435e+180, 2.77448001762435e+180,      -1.26021586856333e-259, 4.81323093985462e-307, NaN, NaN,      NaN, 0), x = c(-1.0877518013205e-152, 0, 0, 0, 0, 0, NaN,      -Inf, NaN, NaN, NaN, 2.12455197126707e+183, NaN, NaN, NaN,      NaN, Inf, NaN, NaN, NaN, NaN, NaN, -2.30331152656642e-156,      -2.30331110816477e-156, -2.30331110816477e-156, NaN, NaN,      NaN, -2.30331110817115e-156, -1.6122285002337e+265, NaN,      Inf, 2.77448001641668e+180, 2.77245388697548e+180, 9.77579634499e-150,      3.99486950920064e-310, NaN, -1.06559867622445e-255, 3.03615300761268e-79,      2.69058914210369e-82, NaN, -1.10299527643412e-146, -1.10310852891461e-146,      2.64285564557347e-260, 0))
result <- do.call(RaceID:::ProbFun,testlist)
str(result)