testlist <- list(v = c(-1.10299909640471e-146, Inf, NaN, 8.61163846948922e-169,  1.84041750245379e+106, -1.72759794661899e-260, -8.978629966636e+303,  1.13845454641204e+164, 2.22507385850728e-308, -Inf, -4.25174675449418e+304,  1.15172193140306e+164, -0.124013803754833, -0.124019607843137,  -0.124019607843137, -0.124019607843137, -0.124019607843137, -0.124019607843137,  -0.124019607843137, -0.124019607843137, -0.124019607843137, -0.124019607843137,  -6.95891599218521e-258, 843.875162129327, 5.1668521666833e-232,  NaN, -1.0877518013205e-152, 8.28904605845809e-317, 0, 4.38361869801681e-193,  9.99327552292098e-313, -5.48620778040363e+303, 5.72097298750304e+103,  NA, NaN, NaN, NaN, NaN, 4.62853117118611e-306, -3.54989941300678e-146,  8.19687575924362e+107, -1.59991384214972e-149, 4.17718832206383e+149,  1.31529957283948e-192, 3.90362325067782e-315, NaN, 1.1385573778689e-79,  1.73833940082698e-310, -4.25174675449418e+304, 1.15172193140306e+164,  -0.124013803754833, -0.124019607843137, -0.124019607843137, -0.124019607843137,  -0.124019607901345, -0.124019607843137, -0.124019607843137, -0.124019607843366,  2.98883166020469e-248, -0.124019607842584, -0.124019607843137,  4.67320258495657e-307, 1.38525221860391e-309, 2.52115825328368e+299,  3.24180960579665e+178, -6.20676807244328e-145, 1.390663339308e-309,  1.21327258647584e-305, 1.98937105402994e-315, 1.22176375461319e+161,  5.41063458111795e+159, 1.1951156590272e+161, 3.91836485928861e+146,  4.31312636079776e-82, 840.674804687489, -1.10310853027475e-146,  NaN, NaN, NaN, NaN, NaN, NaN, NaN, NaN, NaN, -1.12592830079903e-146,  3.01687460740344e-248, 5.41109320051449e-312, 4.1771883220637e+149,  0, 6.24349710063198e+144, 1.38523892725718e-309, 0, 0), w = c(8.19687411242632e+107,  8.19687411242632e+107, -5.56024199995058e+303, NaN, 8.19687782337594e+107,  NaN, NaN, -5.70210285088653e+303, 9.52882640459454e-44, 5.43222633441051e-312,  6.86047799314586e+38, -1.10310852890786e-146, -1.05332339807941e-255,  -4.26730403782346e+304, 4.96991123000086e-307, NaN, -1.0741158939086e-146,  8.78031596126613e-310, 4.38371903261733e-193, 9.99327552292098e-313,  0, 1.13839265658747e-79, 8.41538531977848e+276, 2.73930745598816e-82,  -1.10310852891461e-146, 1.267492988505e-259, -1.39173258598853e-258,  -1.1031088771113e-146, -5.48612519293078e+303, -3.38084305772061e+221,  4.17665228871468e+149, 2.07019606960368e+109, 8.19687411242632e+107,  8.19687411242632e+107, 3.84096252664533e-250, 3.22526053605166e-319,  NaN, 4.4501477170144e-307, NaN, NaN, -2.30331110816479e-156,  -2.30331110816477e-156, NaN, NaN, NaN, -2.30331110816479e-156,  NaN, NaN, 2.85279195360568e+180, 2.77448001761963e+180, 2.7744721030515e+180,  4.72828194926304e-308, 2.63573432300557e-82, NaN, 1.13855737786528e-79,  -1.28585369676207e-259, 1.26018332782824e-259, 9.77579636145905e-150,  -1.10310808652211e-146, -1.10310852891461e-146, 8.62458486566535e-169,  1.84041750245379e+106, -1.72759794661899e-260, -8.978629966636e+303,  -1.81842130657624e-257, -1.07509380638606e-146, -6.19058542765087e+306,  -7.5859648040774e-149, -1.61697632320146e-148, NaN, 7.29023199002439e-304,  -3.38084306397812e+221, 843.875162129346, 8.19729570164278e+107,  8.19687411242632e+107, 8.19687411242632e+107, NaN, NaN, 8.19687412692222e+107,  NaN, 4.80615708347042e-306, -1.59978456499293e-149, NaN), x = c(2.91041058328266e+101,  1.11880314333696e-80, 2.10542903467468e+262, 2.77459919996156e+180,  -8.36654822864507e-148, -1.12592772513212e-146, 5.43227866916878e-312,  8.74817880743181e-310, 4.77830972840529e-299, 1.22176384385441e+161,  -3.75167766760458e+305, 2.79559209340844e-85, 3.79262185861395e+146,  -7.5859648040774e-149, -1.61697632320146e-148, -6.19058542768068e+306,  -5.50239551397643e+303, 2.48671381753743e-316, -5.93230042499694e+190,  2.67014465089752e-307, -1.10310852891458e-146, 863.953921568627,  NaN, NaN, NaN, NaN, 7.2911220195564e-304, -1.07509380637938e-146,  -6.19058542765087e+306, NaN, 1.30072679898429e-259, 9.77579636145905e-150,  -1.10310808652211e-146, -1.10310852891461e-146, NaN, NaN, NaN,  NaN, NaN))
result <- do.call(RaceID:::ProbFun,testlist)
str(result)