testlist <- list(v = c(NaN, Inf, NaN, 2.73930630202376e-82, -1.10310852891461e-146,  NA, 1.13855737786526e-79, 2.85279195360557e+180, 4.74079798585506e-306,  -6.20645861583477e-145, NaN, -2.36966271496896e+306, -9.77580564970747e-150,  1.27963475978841e-307, 2.12196341187911e-314, NaN, 8.19687412692222e+107,  NaN, 4.80615708347042e-306, -1.59978456499293e-149, NaN, NaN,  NaN, NaN, NaN, -2.33073147850006e-156, -2.30331110816477e-156,  -2.30331110816477e-156, -2.30331110816477e-156, -5.5516993870748e+306,  NaN, -5.48612406876344e+303, 4.51166215498233e-10, -1.47412053736974e-154,  5.43230910297028e-312, NaN, -2.30331110816477e-156, -2.30331110816477e-156,  -2.30331110816477e-156, -2.30331110816477e-156, NaN, NaN, -1.38157024509604e-258,  -3.54990026793784e-146, 3.65808274464489e+181, 2.77448001542036e+180,  NaN, 5.98008216632976e+197, NaN, NaN, NaN, NaN, 2.77433676696568e+180,  9.52157095844336e-307, 2.77448001762435e+180, 2.77448001762435e+180,  2.77448001762435e+180, 2.77448001762435e+180, 2.77448001750358e+180,  3.0654356309538e-115, 2.77448001762435e+180, 2.77448001762435e+180,  2.77448001762435e+180, 2.77448001762435e+180, NaN, NaN, NaN,  2.85279195360568e+180, 2.77448001762435e+180, 5.97678695868523e-249,  -1.5993754169325e-147, 1.28220160549836e-259, 4.79260049057833e-307,  4.65655818044353e-10, NaN, -1.07875817774054e-146, -2.30341780061879e-156,  NaN, -2.33073147521015e-156, -2.30331110816477e-156, -2.30331110816477e-156,  -2.30331110816477e-156, -5.3498479453978e-315, 5.11268361004271e-313,  -6.40666341053007e-145, 4.79260049057824e-307, NaN, -1.07411589763778e-146,  -1.10310852891461e-146, 1.7916096332868e-260, -1.10310852890809e-146,  3.03421249281475e-86, NaN, 5.43230922486616e-312, 0, 1.31513342111746e-192,  3.90362325067782e-315, NaN, -1.65455612825194e-260, 0), w = c(-1.06551793523307e-255,  -Inf, 8.19687411242632e+107, 8.19687411242632e+107, NaN, NaN,  NaN, NaN, -1.49166814624004e-154, -2.30331110816477e-156, -2.30331110816477e-156,  -2.30331110816477e-156, -2.30331110816477e-156, 5.24049396513693e-304,  2.77448001762435e+180, 2.77447945340187e+180, NaN, 1.22174090687912e+161,  2.77448001762435e+180, -2.30331110816091e-156, -2.30331110816477e-156,  -2.30331110816477e-156, NaN, NaN, -1.49166814624004e-154, NaN,  NaN, NaN, 6.08113386035836e-13, 2.77448001762435e+180, 5.50814850933333e-310,  6.80586152066418e+38, NaN, -1.12617174104049e-146, -8.97862998707326e+303,  7.50669439308575e-310, -1.77319987166314e-257, 6.86047799324486e+38,  -1.10310852890786e-146, -1.05332339807941e-255, -4.26730403782346e+304,  4.96991123000086e-307, 2.27305337165849e-306, NaN, -1.32251376245863e+308,  -1.10310810144387e-146, 4.09155413791646e+149, 1.39064995688591e-309,  -3.38084306397821e+221, -1.6169667807908e-148, 8.1968757592592e+107,  8.19687411242632e+107, 8.19687411242632e+107, Inf, NaN, 8.19687411248294e+107,  NaN, 7.55090907461389e-310, -1.77319987166314e-257, NaN, NaN,  NaN, NaN, NaN, -2.30341821898639e-156, -2.30331110816477e-156,  -2.30331110816477e-156, -2.30331110816477e-156, NaN, NaN, NaN,  -1.46617926679116e-148, -2.33062437639514e-156, -1.6122285002337e+265,  NaN, -2.30331110816477e-156, -2.30331110816477e-156, -2.30331110816477e-156,  -2.30331110816477e-156, NaN, NaN, 0), x = c(Inf, Inf, 1.16828863030144e-308,  -3.34646089983646e-111, 1.17022044340809e+214, NaN, NaN, NaN,  NaN, NaN, NaN, NaN, NaN, NaN, 1.15142307984243e-250, 7.06343787261419e-304,  3.75173546336492e-191, 7.13934953338821e-304, 1.20294919833929e+160,  2.00095114386911e-81, 2.85279195074302e+180, -1.10319766726833e-146,  1.74431448905307e-308, 4.38362286223415e-193, 0, 0, 7.2911220195564e-304,  0, 0, 0, 0, NaN))
result <- do.call(RaceID:::ProbFun,testlist)
str(result)