testlist <- list(v = c(2.77433557666992e+180, NaN, 2.52115825328368e+299,  1.52485258912309e-317, NaN, 1.55033012529657e-310, 1.22176384385438e+161,  -3.75167766760458e+305, 8.1963925484422e+107, 8.19687411242632e+107,  8.19687411242632e+107, 1.39065792704852e-309, 2.00995441320231e-310,  2.55827853386896e-310, 8.69169475979376e-311, 3.33766171565979e-308,  8.64823837639466e-308, 0, -0.12401158711873, -0.124019607843137,  -0.124019607843137, -0.124019607843137, -0.124019607843137, -0.124019607843137,  NaN, -0.124019607843137, 8.34797519771508e+107, 8.19687411242632e+107,  8.19687411242632e+107, -5.56024199995058e+303, NaN, 8.19687782337594e+107,  NaN, 7.29031890696059e-304, 0, 1.31508560940504e-192, -Inf, -1.10299909607671e-146,  -1.10310852891613e-146, 8.64823837642948e-308, 2.2250738585072e-308,  1.79266204419481e-310, -4.25225530252454e+304, -6.40666590458592e-145,  1.28220160550184e-259, 4.66127441503902e-306, -1.59978456499293e-149,  4.72828194932162e-308, -1.10310852718651e-146, -6.19058542765087e+306,  9.56678608114857e-82, 8.07318536090582e+107, 1.75759189754418e+159,  3.91836485928861e+146, 4.31312636079776e-82, 844.674804687489,  NaN, -4.82778918053845e+305, 2.77448001762432e+180, 2.77448001762435e+180,  2.77448001761963e+180, 2.77751921359765e+180, NaN, 1.92678438515305e+46,  2.76006706153762e-135, -1.11668384804754e-258, -3.40153923650845e+305,  5.4857290546343e+303, NaN, NaN, -5.48612406874259e+305, NaN,  NaN, NaN, NaN, 0), w = c(0, 0, 0, 2.37636445786895e-212, -1.1029542246779e-146,  2.63573432300896e-82, 4.38377337816572e-193, NaN, 2.77448001764258e+180,  1.20794094736641e+161, 8.62314579733939e-308, -6.18997150569996e+306,  NaN, NaN, NaN, NaN), x = c(-1.61697034756675e-148, 1.20687610301553e+111,  -1.68533731393342e+308, NaN, -1.73069963995003e-257, 3.6066792146411e-322,  0, 0, 0, NaN, 0, 1.52104664772208e-310, 1.83655322959567e-190,  1.16466751789285e+104, 1.33486615087126e-314, -1.09722481375874e+306,  3.10076557552588e+45, -1.06551793523307e-255, 1.77728769898378e+159,  4.01100666710454e+149, NaN, -5.70210285088653e+303, -1.065550726648e-255,  1.38523985933177e-309, -1.89753766130877e-102, NaN, NaN, -1.10299527643412e-146,  -1.10310852891461e-146, NaN, NaN, NA, NaN, NaN, -1.00823124635227e-258,  -1.10310810144387e-146, NaN, NaN, 0, -5.48612406887352e+303,  1.2024538023802e+111, -1.65476287062987e+279, 2.87284834993221e-188,  -1.62597538562624e-260, -1.32251338995005e+308, 1.45384888379042e-101,  -1.10310852891461e-146, -1.61720638755778e-148, NaN, 1.83204497569992e-312,  2.73780706065356e+180, NaN, NaN, -6.92770822013587e-258, 1.22176384319977e+161,  2.9098993037016e+101, -7.57684351807415e-149, 1.83655322959567e-190,  2.98519234194479e-33, 7.95445689804407e-322, 0, 0, 0, 4.24399158193054e-313,  2.7745992017611e+180, 2.77448001762435e+180, 2.77448001762435e+180,  -3.43354812662356e-258, -7.57675749167252e-149, 1.59071127259749e+161,  2.77459902400611e+180, NA, -2.30331110816477e-156, 0))
result <- do.call(RaceID:::ProbFun,testlist)
str(result)