testlist <- list(v = c(0, 0, 2.781342323134e-308, 3.65808074582728e+181,  2.77448001762435e+180, 2.77448001762435e+180, 2.77448001762435e+180 ), w = c(NaN, NaN, NaN, 1.85552504384431e+46, 1.80331613751964e-130,  NaN, 2.77478592362428e+180, 1.39157915457274e-258, -8.94559941093327e+192,  4.37156578650043e-82, 2.12198385483333e-314, NaN, NaN, NaN, -6.64174085635262e-18,  NaN, NaN, NaN, NaN, -7.57675750620892e-149, -6.18972127271003e+306,  7.10542735769107e-15, 1.10706108169379e-80, 1.70560220799449e+262,  4.13001169964417e-27, -8.94559941093338e+192, 2.85228739186315e+180,  NaN, 2.79559372203001e-85, 3.79262185861395e+146, -7.5859648040774e-149,  -Inf, -2.70673783163562e-146, 1.68944827290416e-308, 1.25986739689518e-321,  0, 6.05597705030948e-313, -Inf, NaN, 8.19687223131701e+107, 8.19687411242632e+107,  8.19687411242632e+107, 5.43225752753162e-312, 4.38377337816572e-193,  9.99327552292098e-313, -5.48620778040363e+303, 2.67008884903946e-307,  NaN, 9.93416775626196e-100, -0.124019607754574, -0.124019607843137,  -0.124019607843137, 1.28131856383861e-307, 5.64955526523068e-283,  1.20793014420531e+161, 1.16843878115928e-308, -3.34646089983646e-111,  2.05841805455438e+183, -1.08838732993296e-146, 2.77448001762435e+180,  9.62628031646638e-307, NaN, 1.26018332782824e-259, 1.30375421397702e-310,  0), x = c(NaN, -1.10299527643412e-146, -1.10310852891461e-146,  2.64285564557347e-260, 2.9323024972942e-312, 7.29111854289638e-304,  1.28220098524628e-259, -1.98888051942091e-147, -7.57684352476211e-149,  -1.10310852891461e-146, 4.31312636079786e-82, 2.9323024972942e-312,  -6.19058543528392e+306, NaN, -3.38084306395377e+221, -1.00814639600149e-258,  8.30480095183944e+107, 8.19687411242632e+107, 8.19687411242632e+107,  -5.56024199995058e+303, NA, 8.19687782337594e+107, NaN, -1.06548130191873e-255,  1.26018332782824e-259, NaN, NaN, NaN, NaN, NaN, -1.49166814624004e-154,  -2.30331110816477e-156, -2.30331110816477e-156, -2.30331110816477e-156,  -2.30331110816477e-156, NaN, -Inf, 0, NaN, NaN, NaN, NaN, NaN,  NaN, NaN, NaN, NaN, NaN, Inf, NaN, NaN, NaN, NaN, NaN, -2.33073147850006e-156,  -2.30331110816477e-156, -2.30331110816477e-156, -2.30331110816477e-156,  NaN, NaN, -2.30331152656642e-156, 4.6732025849608e-307, 1.15142278277226e-250,  -9.92562959026105e-234, -9.9261575707946e-234, -7.53251466098187e-152,  NaN, -2.30331110816479e-156, -2.30331110816477e-156, -2.30331110816477e-156,  -2.30331110816477e-156, NaN, NaN, 4.86271355728241e+179, -6.64212012698468e-18,  -1.10310852891461e-146, 2.77447945340187e+180, NaN, NaN, NaN,  NaN, NaN, NaN, 2.73780784900488e+180, 2.77448001762435e+180,  4.76482363730575e+179, 2.77448001762435e+180, NaN, NaN, -1.59985281704443e-149,  0))
result <- do.call(RaceID:::ProbFun,testlist)
str(result)