testlist <- list(v = NaN, w = c(-2.30331110816477e-156, 7.29112071068942e-304,  -8.22918610261573e+304, -6.40666590458592e-145, NaN, 5.72064846167812e+103,  3.87760362788161e-310, NaN, -1.0741158939086e-146, -1.10310852891461e-146,  -6.04498561749911e+303, 4.65759486664286e-193, 7.26440246284318e-133,  NaN, NaN, 843.87548828125, -1.1031085272448e-146, NaN, 7.29023199002439e-304,  -5.48612406879369e+303, -5.486124068794e+303, NaN, NaN, NaN,  NaN, NaN, NaN, NaN, 1.79266204420741e-310, -4.25174675449418e+304,  1.15172193140306e+164, -0.124013803754833, -0.124019607843137,  -0.124019607843137, -0.124019607843137, -0.124019607843137, -0.124019607843137,  -0.124019607843137, -0.124019607843137, -0.124019607843137, -0.124019607843137,  -6.95891599218521e-258, 843.875162129327, 5.1668521666833e-232,  NaN, NaN, NaN, 2.09487881197372e-308, -7.22947573429249e+221,  -7.18368285876932e-148, NaN, NaN, 1.27180790759967e-259, 1.22165974973101e+161,  8.62314579733939e-308, 4.73213318178215e-312, -6.4198059791731e-145,  6.16306813044978e-31, 6.78868312437044e+199, 1.15142307984241e-250,  7.06343787261419e-304, 3.75173546336492e-191, 7.13934953338821e-304,  1.20294919833929e+160, 2.00095114386911e-81, 2.85279195074302e+180,  -1.10319766726833e-146, 1.74431448905307e-308, 0), x = c(-1.01374331998156e-262,  NaN, -1.01374331998156e-262, -1.01374331998156e-262, 1.22170823597823e+161,  3.47669787534254e-310, NaN, NaN, NaN, NaN, NaN, NaN, NaN, NaN,  NaN, 1.27963476101064e-307, 2.12196341187911e-314, 1.39064994160909e-309,  0, 0, 1.06803545208346e-305, 1.30145539024016e+185, NaN, NaN,  NaN, -5.48612406879369e+303, 3.23785921002061e-319, 4.172013484701e-309,  1.30072679897483e-259, 9.77579636145905e-150, -1.10310808652211e-146,  -1.10310852891461e-146, NaN, NaN, NaN, 1.390671161567e-309, NaN,  7.29112201955621e-304, 1.26171852055673e-259, 8.88056590657539e+252,  -7.58596480789958e-149, 844.674804682552, -6.19058543528392e+306,  NaN, NaN, NaN, NaN, -2.28222761544234e+306, NaN, -2.30341821898639e-156,  -2.30331110816477e-156, -1.77319987166519e-257, -3.5221018391808e-132,  -3.63536157376339e-132, -3.63536157376339e-132, -3.63536157376339e-132,  1.22839140037467e-305, NaN, NaN, NA, -1.32251338995005e+308,  1.45419769586051e-101, -1.10310852891461e-146, -1.61720638755778e-148,  -1.10310810158093e-146, 4.02214926014281e-87, NaN, NaN, NaN,  NaN, NaN, 4.93199492358045e-193, 7.90676957756835e-82, 8.62216120171541e-308,  2.27305201358825e-306, -2.30331110816473e-156, NaN, -3.81457052386366e+305,  -5.48612406876344e+303, 4.51166215498233e-10, -1.47412053736974e-154,  5.43230910297028e-312, NaN, 5.72064846167812e+103, 9.93278454541753e-100,  4.6732025849565e-307, -1.07509380637938e-146, -1.10310852891461e-146,  -1.23094842280792e-148, 1.45419769586051e-101, -1.10310852891461e-146,  1.84046573960561e-307, NA))
result <- do.call(RaceID:::ProbFun,testlist)
str(result)