testlist <- list(v = c(-2.30331041753796e-156, NaN, NaN, NaN, NaN, NaN, -2.30331152222509e-156,  NaN, NaN, -2.33073147850006e-156, -2.30331110816477e-156, 3.28055819092709e+181,  -1.61695186217949e-148, 4.23633412167055e-307, -8.94559941093327e+192,  -1.61695186217952e-148, 4.23633412167055e-307, 2.7744800176243e+180,  2.77448001762435e+180, 2.77448001762435e+180, 2.77448001762435e+180,  2.77447998670805e+180, 3.06543563095383e-115, 2.77448001762432e+180,  2.77448001762435e+180, 2.77448001762435e+180, 2.77448001762435e+180,  -4.69526163440602e+305, NaN, NaN, 2.12455197126707e+183, -Inf,  2.77448001762435e+180, NaN, NaN, NaN, NA, -2.30331152656642e-156,  -2.30331110816477e-156, -2.30331110816477e-156, -2.30331110816477e-156,  NaN, NaN, NaN, -1.00823124635227e-258, NaN, NaN, NaN, NaN, NaN,  NaN, 2.73930630202376e-82, -1.10310852891461e-146, 1.27963476101062e-307,  2.12196341187911e-314, 2.02872893354578e-130, 1.18623703567057e+160,  1.68894644292745e-260, 1.57248595721939e+161, 4.31341584277002e-82,  844.674804687489, -1.10310853027475e-146, -2.30331046964015e-156,  -2.30331110816477e-156, 7.29112071068942e-304, 1.68945029063929e-308,  0), w = c(-Inf, NaN, NaN, NaN, NA, -2.30331110816477e-156, -2.30331110816477e-156,  -2.30331110816477e-156, NA, -2.43896181537249e-259, NaN, NaN,  0), x = c(2.77448001762435e+180, 2.77448001762435e+180, -4.69526163440602e+305,  8.28904556439245e-317, 6.08113124123984e-13, 2.77448001762435e+180,  2.77448001762435e+180, 2.78511720353091e+180, 2.77448001762435e+180,  9.52157095845186e-307, 2.77448001762433e+180, 2.77439295732303e+180,  1.22839110481635e-305, -1.10310815599755e-146, 1.26067994716355e-305,  -1.39234721613821e+188, 5.43230922613096e-312, 0, 0, 0, -6.50521303491303e-18,  3.45654303679005e-314, 2.12445573006125e+183, NaN, NA, 1.98937105402994e-315,  NaN, 0, 0, 0, 0, 0, 0, 0, 5.8408188785814e-308, 8.64823837639466e-308,  2.2250738585072e-308, 1.79266204419481e-310, -4.25174675449418e+304,  2.68156158598852e+154, -1.10310852891458e-146, 863.953921568627,  NaN, NaN, NaN, NaN, 7.2911220195564e-304, -1.07509380637938e-146,  Inf, -7.5859648040774e-149, -1.61697632320146e-148, -3.33223377336398e+305,  1.13855737786527e-79, 1.16466726737831e+104, NaN, 8.44982544108314e-308,  -3.33212285245057e+305, -6.03341950748825e+306, 1.2283911319647e-305,  NaN, 7.06331669265208e-304, -1.51771007211761e+82, -1.3225133899631e+308,  1.45384888379042e-101, -1.10310852891461e-146, -1.61720638755778e-148,  NaN, NaN, NaN, NaN, 4.34747190111206e+149, -1.10299909640471e-146,  NaN, -5.48612519293078e+303, 1.25986739689518e-321, 7.85304222313512e-313,  4.38377337816572e-193, -9.77623541481107e-150, 1.30417861313521e-310,  2.66585171051033e-82, 6.80586152066387e+38, NA, -1.12617174104049e-146,  -8.97862998707326e+303, 1.28220160550186e-259, 2.9323024972942e-312,  -4.42451177906938e+36, 2.67014465089752e-307, -1.10310852891458e-146,  863.953921568627, NaN, 4.69003513780438e-310, 9.77460303732661e-150,  1.06808162804849e-305, -3.40655754314834e+305, -9.92615756273826e-234,  -9.9261575707946e-234, -1.58734403362383e-151, Inf))
result <- do.call(RaceID:::ProbFun,testlist)
str(result)