testlist <- list(v = c(-Inf, NaN, NaN, NaN, -5.48612406879369e+303, NaN,  1.17506055413868e+179, 2.77448001762435e+180, 6.08113124126605e-13,  2.77448001762435e+180, NaN, NaN, Inf, 1.20490933785291e+161,  849.297446022782, -1.6169667807908e-148, -1.10310852890809e-146,  1.26067994716355e-305, 1.33638796792106e-314, NA, 0, 0, -5.48612406879369e+303,  NaN, -1.62597538342567e-260, -1.32251338995005e+308, 2.77448001762435e+180,  -1.26021586856333e-259, 4.81323093985462e-307, NaN, NaN, Inf,  -1.66353961706015e-260, 3.89585200814323e-315, NaN, 2.85279195360568e+180,  NaN, 2.85279195360568e+180, NaN, 5.64955526523068e-283, 1.15142278277226e-250,  0), w = c(-Inf, 1.19529785409149e+161, 3.91836485928861e+146,  4.31312636079776e-82, 844.674804687489, -2.35622551988064e-50,  3.84096253354195e-250, 3.22526053605166e-319, 0, 0, 0, 0, 0,  0, 0, -1.51771007211761e+82, -1.3225133899631e+308, 1.45384888379042e-101,  -1.10310852891461e-146, -1.61720638755778e-148, NaN, NaN, NaN,  NaN, 4.34747190111206e+149, NA, NaN, -6.03341950748825e+306,  1.2283911319647e-305, 1.83655322959566e-190, 1.43841680742874e+161,  -5.93755337424696e-148, 2.77448001762435e+180, -5.50239551397624e+303,  0, 3.33522483233386e-310, 0, 0, 0, 0, 1.62969276746133e-311,  -1.60002261016404e-149, 4.72828194932162e-308, -1.10310852718651e-146,  2.77448048318746e+180, 1.36744748965721e-43, 2.90989930152687e+101,  1.1303530487231e-258, -5.5490799408936e+303, 1.84848952364152e-314,  1.28165166975507e-305, 3.59201270752749e+102, 8.88790515523566e+247,  7.17091155030805e+149, -5.82766839796468e+303, 5.35917277081613e+159,  1.86693916737625e+159, 8.62314579733939e-308, 1.26749298849904e-259,  3.65838149957758e+181, -1.12592794746801e-146, 3.01687460740344e-248,  5.41109320051449e-312, 0, 0, 0, 0, 0, 0, 0, 3.40714434583915e-308,  4.4601490412699e+43, 4.72828194927493e-308, -1.10310852718651e-146,  -6.19058542765087e+306, NaN, NaN, NaN, NaN, NaN, 2.73930630202376e-82,  -1.10310852891461e-146, 1.267492988505e-259, -1.39173258598853e-258,  -1.1031088771113e-146, 8.62314579733939e-308, 7.06327445644547e-304,  1.39064994160936e-309, 0, 0, 0, 4.24399158193054e-313, 1.92678438513643e+46,  1.79406113923196e+159, 4.09173934791527e+149, 1.32930291092902e-314,  0, 8.62314579733939e-308), x = c(2.0642879003139e-310, NA, 2.55324584572564e-310,  0, 8.27590986320061e-313, 0, 0, 0, -9.77579636320985e-150, 1.3007267989808e-259,  9.77579636145905e-150, 4.38361869803475e-193, 2.67846525103534e-306,  -3.5659798711282e+304, 2.98519141380022e-33, NaN, NaN, NaN, -1.61696678468289e-148,  NaN, NaN, 1.28137309994964e-307, 5.64955526523068e-283, 1.20793014420531e+161,  1.16843878115928e-308, -3.34646089983646e-111, 2.05841805455438e+183,  -1.08838732993296e-146, 2.77448001762435e+180, 9.62628031646638e-307,  NaN, 1.26018332782824e-259, 1.30375421397702e-310, 1.21589239592044e+161,  -5.91457571812231e-148, 4.77829654129038e-307, 1.20294919833929e+160,  2.00095114386911e-81, 2.85279195074302e+180, -1.10319766726833e-146,  1.18544029314124e-125, 4.17201356726773e-309, 1.30072679897483e-259,  9.77579636145905e-150, -1.10310808652211e-146, -1.10310852891461e-146,  NaN, NaN, NaN, NaN, NaN, NaN, -1.10310852891459e-146, 9.52882955736065e-44,  5.43222633441051e-312, 4.77772643697492e-299, 6.92446207850145e+274,  NaN, -5.93267857379134e+190, -1.10299909640473e-146, NaN, -6.03341950748825e+306,  1.2283911319647e-305, 7.29079393023459e-304, 1.39064994160936e-309,  -3.38084306397821e+221, -1.6169667807908e-148, 8.1968757592592e+107,  8.19687411242632e+107, 8.19687411242632e+107, NaN, NaN, 8.19687411248294e+107,  NaN, 7.55090907461389e-310, -1.77319987166314e-257, NaN, NaN,  NaN, NaN, NaN, -2.30341821898639e-156, -2.30331110816477e-156,  -2.30331110816477e-156, -2.30331110816477e-156, NaN, NaN, NaN,  NaN, NaN, 7.2911220195564e-304, -1.61706617074317e-148, NaN,  2.78482707563589e-82, 1.3852599897321e-309, 6.08328626607652e+247,  -2.28560239753427e-156, NaN))
result <- do.call(RaceID:::ProbFun,testlist)
str(result)