testlist <- list(v = c(-0.124019607843137, -0.124019607843137, -0.124019607843137,  2.90989930371665e+101, -0.124017790085755, -0.124019607843137,  2.77428087300462e+180, 2.77448001762435e+180, 2.77448001762432e+180,  -0.124019607760962, 4.17665227839069e+149, -5.1571167046461e-100,  -3.56597932854902e+304, 1.62144363725299e-24, 7.06331669265208e-304,  2.63554948580763e-82, 0, NA, 2.77448001456303e+180, 2.77448001761963e+180,  2.77448001762435e+180, 8.40476764068988e-315, 0, NaN, NaN, 0,  4.51856706850806e-193, 2.32210853545386e-322, 7.29112200597564e-304,  -1.58734403269027e-151, 7.90726373170266e-82, 1.28822975391943e-231,  NaN, 3.8838293948447e+281, 4.72827938628975e-308, 7.29111991991562e-304,  1.10706108168887e-80, 1.70559470253966e+262, 3.91846774744952e+146,  NaN, NaN, NaN, NaN, NaN, NaN, -5.48746345455267e+303, 0), w = c(0,  1.22176375461319e+161, 5.41063458111795e+159, 1.1951156590272e+161,  3.91836485928861e+146, 4.31312636079776e-82, -2.31699538814982e+306,  NaN, NaN, NaN, NaN, NaN, NaN, NaN, NaN, NaN, NaN, NaN, NaN, NaN,  NaN, NaN, NaN, NaN, NaN, NaN, NaN, NaN, NaN, NaN, NaN, 1.22839178809243e-305,  2.17990807223936e-106, -3.18195195990034e+305, 5.19307756126663e-317,  0, 0, 0, 0, 1.65780921169162e-315, 2.25597277213468e-313, 4.66127441503902e-306,  -1.59978456499293e-149, 5.43230919393271e-312, 2.12196341187911e-314,  -2.77507452913688e+101, -1.10310852891459e-146, -1.61720638755778e-148,  NaN, 2.95027084201662e+277, 2.60115496948429e-307, 4.75467667740729e-307,  1.15142278277226e-250, -9.92562959026105e-234, -9.9261575707946e-234,  -7.53251466098187e-152, 3.68218651918906e+180, 2.78511720353091e+180,  2.77448001762435e+180, 2.77448001762435e+180, 3.8838293948447e+281,  2.77448007172788e+180, 2.77448017993493e+180, 2.77447970846135e+180,  2.77448001762435e+180, 4.38361870832722e-193, 1.23473165727565e+58,  50.7607843137255, 2.99136656856258e+277, 2.90521819215398e-248,  2.71403300999989e-311, 2.55318533568942e-310, 1.30375421396906e-310,  2.77447924163208e+180, 2.77448001762435e+180, 2.77448001762435e+180,  2.77448001762435e+180, 2.25579057151423e+180, 3.06543609414617e-115,  2.77447954430186e+180, 2.77448001762435e+180, 2.77448001762435e+180,  2.77448001762435e+180, 2.77448001762435e+180, NaN, NaN), x = c(2.77434575980481e+180,  6.93461399867603e-172, 2.77448001762435e+180, 2.77448001762435e+180,  2.77448001762433e+180, -9.92615678036616e-234, 1.63702457344874e+181,  2.77448001762435e+180, 2.77448001762683e+180, 2.77448017993493e+180,  2.77448001762435e+180, 6.84568365052401e+180))
result <- do.call(RaceID:::ProbFun,testlist)
str(result)