testlist <- list(v = c(0, 0, 0, 0, 2.37636445786895e-212, -1.1029542246779e-146,  NaN, NaN, 2.87284834993229e-188, NaN, -2.30331110817115e-156,  -2.30331110816477e-156, -2.30331110816477e-156, -2.30331110816477e-156,  1.39067113036118e-309, NaN, NaN, -1.10310815735774e-146, NaN,  NaN, -2.30331152656637e-156, -2.30331110816477e-156, -2.30331110816477e-156,  -2.30331110816477e-156, NaN, 1.390671161567e-309, NaN, -1.07509372114309e-146,  1.25539539719287e-305, 2.77448001762435e+180, 2.77447945340187e+180,  2.77448001762435e+180, 1.92678438514301e+46, 1.79406113923196e+159,  4.09173934791527e+149, 2.77448001741215e+180, 6.84568365052401e+180,  2.77448001762435e+180, 2.77448001762435e+180, 1.57030004063897e+108,  8.19687411242632e+107, 2.76685223165214e+180, 2.77751921359765e+180,  NaN, 1.92678438515305e+46, 6.81275559167549e-311, 1.20294945287609e+160,  4.17665227839069e+149, 4.77830973794891e-299, 4.40940493377492e-193,  1.22634511119925e-305, 0, 0, 0, 0, 6.47581723317039e-318, 2.77448001944296e+180,  2.77448001762435e+180, 2.77448001762435e+180, -1.68094570609781e-260,  6.8662870686774e+147, NaN, NaN), w = 3.99486958108764e-310, x = c(8.69169475979376e-311,  6.80586152066418e+38, 2.55318557380218e-310, 1.2071508833478e+111,  -1.68533731393342e+308, NaN, -1.08731295049678e-146, 2.77448001825838e+180,  NaN, NaN, -2.30331152656642e-156, -2.30331110816477e-156, -2.25807352209525e-156,  -2.30331062193629e-156, 3.897900943445e-31, -1.6122285002337e+265,  -0.124019577633589, -0.124019607843137, -0.124019607843137, -0.124019607843137,  -0.124019607843137, 4.67320258495657e-307, 1.75617327606706e+87,  2.17990807223936e-106, -3.18195195990034e+305, 1.39067121349778e-309,  0, 0, 7.90728232141204e-82, 1.28822975391943e-231, 1.39067116124321e-309,  5.72097298745578e+103, 8.19687411242621e+107, 8.19687411242632e+107,  1.19797449363064e+156, 3.23785921002061e-319, 2.67846525103639e-306,  5.95645542626207e-320, NaN, 2.84131549442564e-307, NaN, 3.91836485931767e+146,  -0.124019607843137, -0.124019607843137, -0.124019607843137, -0.124019607843137,  -0.124019607843137, -0.124019607843137, -0.124019607843137, -0.124019607843137,  -0.124019607843137, -0.124019607843137, 4.67320258495657e-307,  1.75617327606706e+87, 2.17990807223936e-106, -3.18195195990034e+305,  1.39067121349778e-309, 0, 0, 7.90728232141204e-82, 1.28822975391943e-231,  4.38377339443218e-193, 9.99327552292098e-313, -5.48620778040363e+303,  2.67008884903946e-307, NaN, -5.968972634907e+306, NaN, 2.9323024972942e-312,  -5.93230041175308e+190, 2.67014465089752e-307, -1.10310852891458e-146,  863.953921568627, NaN, 4.69003513780438e-310, 3.93532377720436e-317,  3.24180903818828e+178, 2.77448001762435e+180, NaN, NaN, NaN,  4.67320487744024e-307, -1.07509380637938e-146, 8.19687411242632e+107,  2.21294241379145e-308))
result <- do.call(RaceID:::ProbFun,testlist)
str(result)