testlist <- list(v = c(1.16655906886902e-305, 3.23790861658519e-319, 2.11861099138639e-310,  0, 0, 1.31508560940504e-192, 3.90363589875836e-315, NaN, 5.84081887864616e-308,  NA, 2.2250738585072e-308, 1.79266204419481e-310, -4.25174675449418e+304,  -6.40666590458592e-145, 1.28220160550184e-259, 4.66127441503902e-306,  -1.59978456499293e-149, 4.72828194932162e-308, -1.10310852718651e-146,  -6.19058542765087e+306, 9.56678608114857e-82, 8.07318536090582e+107,  3.24218479200231e+178, 3.552658627744e+180, 2.77448001762388e+180,  2.77448001762435e+180, -3.43354812662356e-258, -7.57675749167252e-149,  -6.18972127271003e+306, NaN, 4.80615953437555e-306, 5.16660210126294e-232,  NaN, -1.0877518013205e-152, 0, 0, 0, 0, 0, -1.06360664431603e-146,  -1.36055837403676e+306, NaN, NaN, NaN, 4.69003513780438e-310,  2.77427939463153e+180, 1.50405506825556e+161, 2.77448001762435e+180,  2.77448001762435e+180, -1.68094570609781e-260, -6.64174085635262e-18,  NaN, NaN, -1.26021648751278e-259, 4.10763446875257e+149, NaN,  8.71253922185527e-310, 0, 0, 0, 0, 2.781342323134e-308, 6.51838201304274e-272,  NaN, -1.61695186217949e-148, NaN, -8.94559941093327e+192, -5.82767264888718e+303,  2.39702576158207e+186, NA, 7.06343901773132e-304, 2.77451365455902e+180,  2.77448001763145e+180, -1.10310830428694e-146, -1.10310853027474e-146,  4.79260049060208e-307, 4.38361870828954e-193, 1.23473165727565e+58,  50.7607843137255, 2.99136656856258e+277, 1.19507372542051e+161,  3.87066023580566e+146, NaN, -6.20695021000751e-145, 3.01687460688313e-248,  5.41109320051449e-312, -9.41556043306717e+306, NaN, -1.0741158939086e-146,  -1.10310852891461e-146, -6.04498561749911e+303, NaN, NaN, NaN,  NaN, 843.87548828125, -1.1031085272448e-146, NaN, 7.29023199002439e-304,  0), w = c(-2.30331110816477e-156, NaN, -2.30331110816477e-156,  1.39067113036118e-309, NaN, NaN, 2.77427987013464e+180, 2.77448001762435e+180,  7.06331669265208e-304, 2.63554948580763e-82, -Inf, 2.77448001762435e+180,  1.15068329634908e+179, 2.77448001762435e+180, 6.08113124126605e-13,  2.77448001762435e+180, 1.50405506825556e+161, 6.84568365052401e+180,  2.77448001783569e+180, 2.77448001762683e+180, 2.77448001762435e+180,  2.77448001762435e+180, 1.44059294980099e+214, 3.8838293948447e+281,  6.08113124126605e-13, NaN, NaN, 2.77448001762435e+180, 2.77448001761963e+180,  2.77751921359765e+180, NaN, 1.92678438515305e+46, 2.76006706153762e-135,  -1.11668384804754e-258, -1.00814639599636e-258, NaN, 7.53075930554245e-310,  3.7921299542889e+146, 3.23667345247059e-319, 0, 0, 2.77448001762435e+180,  2.77448001641668e+180, 2.77448001762435e+180, 2.77448001762435e+180,  2.77448001761574e+180, 2.77448001762435e+180, 2.77448001641668e+180,  2.22746564330827e+209, 2.77448001750358e+180, 2.77802574626235e+180,  2.7745215691318e+180, 2.77448001762435e+180, 2.77448001762435e+180,  1.15496477261528e+183, NaN, Inf, NaN, NaN, NaN, 1.40129846432482e-43,  2.90989930152687e+101, 1.36203152436626e+160, 2.78482707563589e-82,  1.3852599897321e-309, 1.16828945920605e-308, -3.34646089983646e-111,  2.05841805455438e+183, -1.08838732993296e-146, 2.77448001762435e+180,  9.62628031646638e-307, NaN, 1.26018332782824e-259, 1.30375421397702e-310,  1.21589239592044e+161, -5.91457571812231e-148, 4.77829654129038e-307,  1.20294919833929e+160, 2.00095114386911e-81, 2.85279195074302e+180,  -1.10319766726833e-146, 1.18544029314124e-125, 4.17201356726773e-309,  1.30072679897483e-259, 9.77579636145905e-150, -1.10310808652211e-146,  0), x = c(2.77448001762435e+180, 3.24181006948937e+178, Inf,  2.77448001762435e+180, 1.13855737786297e-79, 1.16466726737831e+104,  2.77448001825833e+180, 6.84568365052401e+180, 1.33772158103845e-314,  3.79555650648017e+146, 2.77478573345872e+180, 2.77448001762435e+180,  2.77448001762435e+180, 2.77448001762435e+180, 2.7744938681269e+180,  2.7745215691318e+180, 2.77440087189588e+180, 2.77448001762435e+180,  2.78511720353091e+180, 2.77448001762435e+180, 2.77448001762435e+180,  -2.30331110717733e-156, -2.30331110816477e-156, -2.30331110816477e-156,  -2.30331110816477e-156, 7.29112071068942e-304, -8.22918610261573e+304,  NaN, NaN, -1.00823124635227e-258, -1.10310810144387e-146, NaN,  NaN, -7.57684351807415e-149, -6.89289484746362e-148, NaN, NaN,  0, 3.23785921002061e-319, NaN, 2.94957385726613e-312, -5.93230041175308e+190,  NaN, NaN, NaN, NaN, NaN, -2.30331152656642e-156, -2.30331110816477e-156,  -2.30331110816477e-156, -2.30331110816477e-156, NaN, 4.65661279501484e-10,  NaN, 1.55033095378378e-310, Inf, -3.75167766760458e+305, 8.1963925484422e+107,  8.19687411242632e+107, 8.19687411242632e+107, 1.39065792704852e-309,  2.00995441320231e-310, 2.55827853386896e-310, 8.69169475979376e-311,  6.80585529758912e+38, NaN, 1.26531950471527e+161, -0.124019585170917,  -0.124019607843137, -0.124019607843137, -0.124019607843137, -0.124019607843137,  -0.124019607843137, -0.124019607843137, 0))
result <- do.call(RaceID:::ProbFun,testlist)
str(result)