testlist <- list(v = c(2.07873638250752, -3.40142356432465e+305, NaN, 3.40333563353229e-312,  4.94065645841247e-324, 0, 2.67846525103339e-306, 5.95645542626207e-320,  NaN, 4.38377337816572e-193, 1.34528680432243e-43, 2.90989930152687e+101,  1.36203152436626e+160, 3.46870755708403e-268, 3.4126770934556e-308,  -5.82766840469617e+303, -8.36654862486942e-148, 2.77448001762438e+180,  3.65808274173512e+181, -6.19058542768068e+306, 1.25986739689518e-321,  NaN, 1.85550040157723e+46, NaN, NaN, NaN, 1.16466726737369e+104,  NaN, -6.59893104730326e-149, 1.26018332935798e-259, 1.30375421397702e-310,  2.77449584677e+180, 2.77433557666989e+180, 2.77448001762435e+180,  2.77447970846135e+180, 2.77448001762435e+180, 2.77448001762435e+180,  2.77448001542036e+180, 2.77448001762435e+180, 2.77447970846135e+180,  6.30645003419541e+181, 2.77447998670805e+180, 3.68218654895109e+180,  2.78511720353091e+180, 2.77448001762435e+180, 2.77448001762435e+180,  -1.74156933334255e+238, 2.77448007172788e+180, 2.77448017993493e+180,  2.77447970846135e+180, 2.77448001762435e+180, NaN, -7.57684351807415e-149,  -1.10310852891461e-146, 2.98798227325815e-310, -1.62597506665162e-260,  8.28897935959591e-317, 2.02872893354578e-130, 3.24180903818828e+178,  2.72434621382992e-82, 3.17789657635534e+104, NaN, NaN, -1.10299909608056e-146,  6.81547915295848e-307, 9.97338114766476e-313, -1.32080052590428e+306,  2.12455197126707e+183, 2.77448001762435e+180, 7.17091154350901e+149,  -1.72720127094597e-260, 1.39066333916307e-309, 5.7983145321237e+197,  NaN, -3.70313374643574e+304, 2.68898053645492e-82, 5.22076462311331e+187,  1.83655322959566e-190, 7.06343901773132e-304, 2.77451365455902e+180 ), w = c(NaN, NaN, 4.38361870828954e-193, 1.23473165727565e+58,  NA, 2.99136656856258e+277, NaN, 3.87066023580566e+146, NaN, -6.20695021000751e-145,  3.81185890680234e+180, 1.15068329634908e+179, 2.77448001762435e+180,  2.75421871113567e+180, 2.77448001762435e+180, 2.77448001762435e+180,  2.77433557666989e+180, 2.77448001762435e+180, 2.75421871113567e+180,  NA, 1.74431448905055e-308, 3.13151603729397e-294, 1.70927326488232e-77,  NaN, -1.10299527643412e-146, -1.10310852891461e-146, NaN, NaN,  NaN, NaN, NaN, -1.61696678468289e-148, -1.10310852890809e-146,  7.29112201455015e-304, 1.39064994160936e-309, NaN, 4.68028386305413e-320,  7.90505033345994e-322, 8.07311512828505e+107, 8.19687411242632e+107,  8.19687411242632e+107, -5.56024199995058e+303, 0), x = c(2.52115825296697e+299,  1.52485258912309e-317, 3.6066792146411e-322, 2.77439253831067e+180,  2.77448001762435e+180, 2.77448001762435e+180, 2.77448001762435e+180,  2.77448001762435e+180, NaN, NaN, NaN, 2.7744800222921e+180, 4.0348802750124e+175,  4.03488027501221e+175, 4.03488027501221e+175, -0.124019607760049,  -0.124019607843137, -0.124019607843137, -0.124019607843137, -0.124019607843137,  -0.124019607843137, -0.124019607843137, -0.124019607843137, -0.124019607843137 ))
result <- do.call(RaceID:::ProbFun,testlist)
str(result)