testlist <- list(eps = 0, lat1 = -Inf, lat2 = c(NaN, NaN, NaN, NaN, 1.25986739689518e-321,  0, 0, 0, 0, 0, 0, 0, 0, 0, 0, 0, 0, 0, 0, 0, 0, 0, 0, 0, 0, 0,  0, 0, 0, 0, 0, 0, 0, 0, 0, 0, 0, 0, 0, 0, 0, 0, 0, 0), lon1 = c(1.2289570950655e-309,  4.19969763377393e-140, -1.22370455427579e+164, 3.46328296103743e-303,  -2.1233145527485e+168, NaN, -2.49393130809277e+24, -1.34765550943381e+28,  -1.34765550943381e+28, -1.34765550943381e+28, -1.34765550943381e+28,  -1.34765550943381e+28, -3.0578407735158e+307, -1.34765550943377e+28,  -1.34765550943381e+28, -1.34765550943381e+28, -1.34765550943381e+28,  -1.34765550943381e+28, -1.34765550943381e+28, -1.34765550943381e+28,  7.29112551724196e-304, 2.74156655158338e-135, -1.1735405132098e+25,  -6.20072793257508e-305, -7.3721399646605e+306, -2.99638217414748e+154,  -4.63468064771798e+158, -4.63468064768639e+158, -4.49900201134692e+158,  2.05062894393361e-304, 1.05508535434701e-19, 2.05107308278522e-304,  2.24501973336504e-23, 1.91785760117315e-317, -2.74299925886435e+304,  -5.82898066794384e+303, NaN, NaN, NaN), lon2 = c(NaN, NaN, NaN,  NaN, NaN, NaN, NaN, NaN, NaN, 2.86617326397923e-306, 7.29112815817192e-304,  -Inf, 1.35611328645561e+248, -2.17897919752535e+130, 5.7730529361091e-136,  7.63869961621695e-313, 1.75465461324552e-309, -2.74300006032996e+304,  4.77803175270955e-299, 7.29112201245517e-304, 1.08621320597155e-311,  Inf, -1.29568717281168e+164, 7.29112549623451e-304, -4.63480684946442e+158,  -4.63468063346083e+158, -4.49900201134692e+158, -4.63468064771798e+158,  NaN, NaN, NaN, NaN, NaN, NaN, NaN, NaN, NaN, NaN, NaN, NaN, NaN,  NaN, 1.92847050755789e-310, NaN, 1.39067115961663e-309, 2.0510730827853e-304,  1.05508535434701e-19, 2.05107308278522e-304, 2.24469831803663e-23,  -5.48612406879369e+303, -5.82898066794384e+303, NaN, NaN, NaN,  -7.68057369631116e+304, 2.84809454925052e-306, 2.66632502465084e-135,  5.43230922420905e-312, 5.84081891173e-308, NaN, -2.72277896812169e-40,  NaN, 8.37211492551176e+198, 3.63054281583004e+228, Inf, 1.0842021724855e-19,  4.55931121056418e+169, 8.86911082313939e-302, 2.05062806929694e-304,  NaN, 2.25252634634912e-23, NaN, 7.29285344654638e-304, 5.41407332339427e-312,  NaN, 2.25277469949988e-23, NaN, -2.72277896812169e-40, 2.88928230743214e-306,  4.80061365259961e-312, 3.00524581245551e-306, 4.80061365259961e-312,  3.00524581228973e-306, 2.65565286849277e-310, NaN, -3.22572119068747e+165,  2.31582803553214e-23, 1.22772310477941e-309, 2.25249701988354e-23,  1.80331613629235e-130, 3.23012000200565e-115, 7.26613695511762e+223,  1.38758228066484e-309, 0))
result <- do.call(gear:::gcdist2,testlist)
str(result)