testlist <- list(ix = c(-16711875L, -16777216L, 218103552L, 6579555L, 1869443186L,  1698562047L, -12713985L, -65299L, -36251L, -301989889L, -1L,  -2144699789L, 1952735074L, 1634492772L, 1701008997L, 1668575090L,  679901811L, 1952735076L, 0L, 0L, 0L, 83L, 1163415592L, 711946341L,  1851222382L, 1298231382L, 1768257321L, 676593663L, -41473L, 1651441664L,  13312L, 7995647L, -1L, 1040121856L, 0L, 4386L, -37012L, 673866604L,  1869833544L, 1634624620L, 1697196115L, 1163415584L, 1668247155L,  1948909535L, 1040187176L, -2130761646L, 1635210853L, 1668575090L,  673872499L, 1952738655L, 1701867363L, 1685218675L, 1935635199L,  -65216L, 0L, 458751L, 637534207L, 16777215L, -65536L, 0L, 4456447L,  -1L, -1L, -256L, 83886079L, -1L, -32517L, 1569294729L, -1987444737L,  -1L, -1L, -1L, -1L, -1L, -1L, -1L, -1L, -12910337L, -1L, -1793L,  -1L, -1L, -1L, -1L, 1577058048L, -1L, -2131010167L, -1987475063L,  -1987475063L, -1987475063L, -1987475063L, 1163415584L, 1668247155L,  1948844032L, 16777215L, -303735L, -1987475063L, -1987475063L),      jx = c(61L, NA, -301989889L, -303174147L, 1642982893L, -303174163L,      -65536L, 0L, -1L, 1040187391L, -1L, -256L, 83886079L, -1L,      -32517L, 1569294729L, -1987475063L, NA, -1987475063L, -1987444737L,      -1L, -1L, -1L, -163L, -65281L, -1L, 205337343L), ti = c(-16776961L,      NA, -1L, -1L, -6553601L, -1L, -1L, -1L, -1L, -1L, -1L, -244L,      1026752302L, 654311040L, 712668020L, 1683973223L, 1666606435L,      1953460776L, -2038795404L, 1683973221L, NA, 1919251315L,      1601331575L, 690508613L, 1481646179L, 1869509492L, 687865856L,      0L, -316086785L, -19L, -315490304L, 15597373L, -1L, 15597567L     ), tj = c(1032254189L, NA, 0L, 205324349L, 65341L, -16711683L,      -301990083L, -2030899713L, -10329748L, 1633969507L, 1449485172L,      1869752454L, 2054386788L, 1600389120L, 0L, -1L, -1L, 5457240L,      1344809583L, 1885695575L, 1768836449L, 1884711269L, 1999186003L,      -1L, 1577017967L, 1869359146L, 1668050803L, 1699242350L,      1684825385L, 676545880L, 1344299887L, 1853060137L, -2146817L,      -14122753L, 676487543L, 1449485172L, 1869752362L, 2054386788L,      1834968432L, 1868784754L, 1702064991L, 1918990121L, 676545880L,      1344299887L, 1853060137L, 1635199272L, 1397053520L, 543387502L,      1936992512L, 8024948L, 1683972705L, 1818322021L, 1666606435L,      1953460776L, -2038795404L, 1683973120L, 0L, 0L, 0L, 0L, 0L,      0L, 6647919L, 1668117093L, 1936940914L, 1635199272L, 1392859216L,      543387502L, -1888212736L, 65535L, -195L, -2030899713L, -1L,      -1L, -65536L, 2682349L, -302161427L, -303174163L, -303169537L,      -1L, -805306369L, -1L, -1811939329L, -1L, -1L, -1L, -1L,      -1L, -1L, -1L, -1L, -1L, -1L, -122L, 1040133887L, -49786L,      -318947841L))
result <- do.call(multbxxc:::match_ij,testlist)
str(result)