testlist <- list(ix = c(786432L, 12L, 0L, 68095L, -1L, 1024212358L, 0L, 0L,  -219283457L, -1L, -1L, -65536L, 0L, 4456447L, -1L, -1L, -256L,  83886079L, -1L, -32517L, 1569294729L, -1987475063L, -1987475063L,  -1987475063L, -1987492520L, 1342242815L, 65535L, -1L, -35980L,  704643071L, -65536L, 690508613L, 1481646179L, 1869509492L, 704634685L,  -55168L, -14134687L, 2002150755L, 1953460776L, 712668020L, 1684889445L,  1886348132L, 1919251315L, 1601331575L, 690508613L, 1481646179L,  1869509492L, 694253353L, 676545880L, 1344299887L, 1853060137L,  0L, 65535L, -163L, -1L, 1040137727L, 16777215L, -12713985L, -65299L,  -1L, -10616833L, -1L, -12713985L, 679542568L, -302046720L, 1040187391L,  -49786L, -219283457L, -1L, -1L, -49665L, 0L, 0L, 288424191L,  -1L, -1073741825L, -1L, -14286849L, -65294L, -301989889L, -1L,  -12713985L, -1L, -1L, -12713985L, 679542783L, -1L, -65536L, 620757247L ), jx = c(-1L, -1L, -1L, -1L, -1L, -1L, -1L, -1L, -4627L, -302161427L,  -303174163L, -303200707L, -8377734L, 1937007711L, 1650551905L,  1684366166L, 1701016687L, 1915258490L, 1937007711L, 1677721600L,  0L, 0L, 0L, 1397053520L, 673869680L, 1701730153L, 1850564976L,  1449747831L, 690508799L, -163L, -10326161L, 1814571619L, 1819243365L,  1214344804L, 1818569000L, 1397053520L, 543387502L, 1936992767L,  -549584897L, 679542568L, 1382119254L, 1701016687L, 1915234938L,  1937007725L, 1600483340L, NA, 34677447L, -1L, -16640L, 1073741836L,  0L, 786432L, 0L, -1L, -49908L, 1027407911L, 205339927L, 0L, 0L,  0L, 21317L, 1481648170L, 1869636974L, 1466527309L, 1634752105L,  1702308136L, 1409286143L, -10616990L), ti = c(704634685L, -55168L,  -14134687L, 2002150755L, 1953460776L, 712668020L, 1684889445L,  1886348132L, 1919251315L, 1601331575L, 690508613L, 1481637888L,  0L, 0L, 610367318L, 1701016687L, 1915234938L, 1937007711L, 1684366191L,  1836085861L, 1935767337L, 676545880L, 1342177280L, 1936992512L,  2697299L, -1L, 1577017967L, 1869359146L, 1668050803L, 1699242350L,  1684825385L, 676545880L, 1344299887L, 1853060137L, -2146817L,  -14122753L, 676487543L, 1449485172L, 1869752362L, 2054386788L,  1834968432L, 1868784754L, 1702064991L, 1918990121L, 676545880L,  1344299887L, 1853060137L, 1635199272L, 1397053520L, 543387502L,  1936992512L, 65535L, -1L, -1L, -1L, -1L, -65536L, 0L, 4456447L,  -1L, -1L, -256L, 83886079L, -1L, -32517L, 1569294729L, -1987475063L,  -1987475063L, -1987475063L, -1987444992L, -12714240L, 3084L,  1026752511L, 775094015L, -195L, 61L, -49666L, -301990132L, 1026752511L,  775094015L, -1L, -195L, -2030899907L, 805306367L, -1L, -1L, -1L,  -1L, -4609L, -1L, -1L, -1L, -12289L, -1L, -1L), tj = c(-1L, NA,  -1L, -1L, -1L, -1L))
result <- do.call(multbxxc:::match_ij,testlist)
str(result)