testlist <- list(x = c(NaN, 4.74793953093805e-63, -1.61805563346497e-24,  -1.36055956954468e+306, 5.2619696521557e-312, 1.58657522212674e-317,  -4.86173068582902e-63, -1.65436057323211e-24, 3.74610001929789e-270,  7.29112200600391e-304, 1.65780921169162e-316, NaN, -7.29109409744118e-304,  6.43887056339146e+144, 1.78812621405294e-130, 1.68074182211789e+117,  4.20016659621653e+180, 3.68415141070716e+180, -2.38324443349576e+260,  1.31135390768075e+222, 1.12408812087022e+79, 3.68701941301911e+228,  8.30987219517963e-246, NaN, 4.06861719317855e+233, NaN, 1.67364872931401e+190,  4.87620436128272e-153, -6.88804725869894e+305, 8.30987219517939e-246,  -7.29112200666798e-304, 8.30987219517963e-246, 8.30987219517939e-246,  8.30987219517808e-246, 8.30987275781549e-246, 8.30985473641066e-246,  3.65880478856703e-236, -2.38318620596563e+260, 8.30987219464345e-246,  4.77830972674003e-299, -5.48612406879369e+303, -5.48647536732276e+303,  -1.3103767374228e+222, 1.42902270105212e-284, -4.58343653794295e-29,  8.30987219517938e-246, 8.30987219517939e-246, 8.30987219517939e-246,  8.30428538918795e-246, 7.30183567378584e-87, 8.30987219517939e-246,  8.30987219517938e-246, 1.40835642170954e-241, 6.0080509926318e-246,  NaN, 8.06251844203682e-317, 3.870968194949e+146, 1.19540542945141e+103,  NaN, NaN, NaN, 1.6688053938804e-308, -9.48001793323226e+306,  NaN, -1.05648174841413e+270, NaN, 7.29112201268623e-304, -5.66895038836732e+303,  -7.2911220195564e-304, NaN, NaN, NaN, NaN, 2.71616918267848e-312,  -7.20187552423758e+303, NaN, 8.30987219517963e-246, 8.30987219517939e-246,  1.14439567659643e-72, -1.53619373675729e+305, 9.73073383603407e-72,  2.91371240326559e-306, NaN, 1.14439567659643e-72, 4.33776138720104e-306,  NaN, 2.0760479144483e+301, 8.40073338950362e-246, 2.71723641421108e-312,  NaN), y = c(NaN, 1.04887323858448e-274, 2.87663681504842e+209,  4.00551641000526e-245, 8.30987219518797e-246, 8.30987219491299e-246,  8.88419903937062e-246, 7.28221824744735e-304, 8.30987219517938e-246,  9.83029476470012e-72, -5.6695319795488e+303, NaN, -6.83893152398672e+305,  1.9275571994696e+31, 2.88229989509552e-306, -9.13028175128329e+306,  NaN, -1.01811051150144e+307, -1.12439783720365e-190, -2.04242555572813e-301,  -2.04220038872469e-301, NaN, NaN, NaN, 1.01854367406929e-71,  8.30987220984077e-246, 8.30987620009306e-246, -1.31300036889095e+222,  1.09733325374574e-307, 2.84843949052451e-306, 2.00921045971942e+301,  NaN, -1.04752927431552e-204, 6.98509753624697e-310, -1.61801130333396e-24,  8.30987219517938e-246, 8.30987219517939e-246, 8.30987219517939e-246,  8.30428538918795e-246, -1.65415927672034e-24, -3.23597287472706e-93,  8.43942911381893e-246, -3.23597286758348e-93, 7.17630820843049e-304,  -1.82936205497711e+307, -5.50085992813036e+303, -3.78652271287647e-29,  2.1430192579883e+301, 1.25986739689518e-321, -3.70313374640381e+304,  7.1758597170072e-304, NaN, -1.07567531393806e-204, 8589062144,  8.28904556439245e-317, 2.12196341187911e-314, 0, 0, -1.89326034463209e+307,  -5.50085992813036e+303, 6.96290456547811e-310, 9.73041595136716e-72,  9.7304159785129e-72, NaN, -5.48612670514125e+303, -1.89326034821273e+307,  9.7304228943013e-72, 1.78812707215003e-130, 7.96512871599424e-317,  0, 0, 0, 5.07588125426135e-116, 7.18658753874647e-68, NaN, 1.1319604253551e-72,  -2.39795857995545e+260, 1.01854281104598e-71, -4.71591527795912e+304,  NA, NaN, NaN, -3.78652271541113e-29, NaN, 3.02609773141526e-306,  -3.78652030801685e-29, -5.43206022995046e-312, 3.23148576318926e-319,  1.42873423644162e-101, 0))
result <- do.call(remote:::corC,testlist)
str(result)