testlist <- list(x = c(3.79212874880525e+146, NaN, -1.00876091742558e+307,  -9.710489245076e-268, NaN, 2.8569103789103e-100, -3.15248043726504e+285,  1.42873423910284e-101, -3.70313374618027e+304, NaN, -1.11235478578789e-308,  NaN, NaN, NaN, NaN, NaN, -2.44448195677414e-310, -1.00876106105665e+307,  -7.29112201950438e-304, 8.30987633735784e-246, 8.30987219517939e-246,  -1.89581166125173e+307, NaN, NaN, NaN, 1.28434500313077e+58,  9.81179442620332e-72, -6.75724390599203e-307, -2.38318614442688e+260,  8.06559989001323e-308, -2.29955764171419e-268, NaN, 5.48611622079704e+303,  2.77976979239917e-244, 6.95612522038101e-310, -5.5048754686208e+303,  NaN, -1.65436122354721e-24, NaN, NaN, -3.70313374643574e+304,  2.15069497417506e-105, -4.71591527801072e+304, -9.70824686971036e-268,  2.81700996496584e+209, -5.55242889583865e+303, NaN, NaN, NaN,  NaN, NaN, NaN, NaN, 7.41841230137484e-68, 2.71615477457307e-312,  9.73041432559757e-72, NaN, NaN, NaN, NaN, NaN, -5.55845089977876e+303,  -1.61801130333396e-24, 5.97831343210567e-92, 9.73041429186794e-72,  6.08465185495559e-92, 9.73041597848758e-72, NaN, NaN, NaN, NaN,  NaN, NaN, NaN, NaN, NaN, 7.41841230137484e-68, NaN, NaN, NaN,  NaN, NaN, NaN, NaN, NaN, NaN, 5.48611622079704e+303, NaN, 2.88230179007823e-306,  NaN, NaN, NaN, 2.72397687142787e-312, -1.85166799265645e+307,  -9.18680797401014e+306), y = c(2.63214309773872e-52, 8.30987633703869e-246,  8589934592, 1.67997198804499e-59, -1.40461656607262e+306, 2.53381218325814e+208,  2.81700905511843e+209, 2.81700905511843e+209, 3.02610044752842e-306,  -3.78652030801685e-29, 9.90685985055848e-72, -1.46672391568899e-307,  2.12989934330627e-307, 1.65928686795955e-114, -1.35267772346713e-306,  3.32753027243953e-71, -1.13208263565155e-306, 1.33387214147145e+58,  3.22369663950209e-115, 3.62473289149921e+228, 8.58070281814899e-246,  8.30987219517939e-246, 2.9528942392744e-241, 8.30987219517939e-246,  2.93604905755575e-306, -1.53632900827105e+305, 5.48772503648875e+303,  1.34706423095312e-309, 0, -4.86173068582902e-63, -1.65436057323211e-24,  3.74610001929789e-270, 7.29112200600391e-304, 1.65780921169162e-316,  2.28156904554125e-310, -2.38318614443572e+260, -3.97729554160039e+304,  7.29112026763692e-304, 3.13637812636482e-319, 0, 1.53044377131431e-94,  1.68013505587499e-59, -5.66895038836732e+303, 4.77830974453707e-299,  -5.48612406879369e+303, -1.0280848895709e+270, 5.36696056129819e+145,  4.36130329700041e-306, -5.48647536732276e+303, 3.09829366178658e+227,  7.32823854588706e+223, -9.73065952611176e-72, 6.97572996483104e-310,  -1.61801130333396e-24, 4.26254768486289e-307, 2.93604905755579e-306,  -1.53632900827105e+305, 5.48772503648875e+303, 1.34706423095312e-309 ))
result <- do.call(remote:::corC,testlist)
str(result)