testlist <- list(x = c(NaN, NaN, 3.91205157604957e-69, 3.79243671542285e+146,  6.87521360282337e-71, NaN, -8.42668656914186e+307, -4.93751166172251e+304,  -1.02851432432504e+304, 8.43613453792093e-246, 8.30987219517939e-246,  -3.23597469636325e-93, 5.48545698546527e+303, NaN, -2.7142424352159e-306,  -1.09629334532546e-204, NaN, 8.06559989001323e-308, 3.79212874749394e+146,  -2.97439258164523e+284, NaN, -5.4861266848211e+303, NaN, NaN,  1.44295713785144e-312, NaN, -1.02911671482702e+270, -3.70306259156729e+304,  NaN, 9.03006626008371e-245, 1.09733325066391e-307, -1.40461786360234e+306,  1.14439567659643e-72, 3.79212874880225e+146, NaN, 6.96742275970233e+252,  -1.63754507718942e-24, 4.36116648835356e-306, NaN, 3.07893080010191e-70,  3.74634284934907e+146, NaN, 2.8480959075765e-306, -1.53632900827105e+305,  8.30987219431032e-246, 8.30987219517939e-246, -2.97439258221003e+284,  1.08646184486898e-311, 8.30987221135745e-246, 6.56083607051727e-303,  5.69707910729511e-304, 0, 0, 2.26400641550293e-319, 6.6031102702243e+144,  6.95350418177205e-310, 2.44448192438246e-310, -4.71591527795932e+304,  NaN, NaN, 8.30984024335263e-246, 8.30987219517939e-246, 8.30987219517939e-246,  8.30987219517939e-246, 8.30987219517808e-246, 8.30987275781549e-246,  8.30985473641066e-246, 2.71723641421108e-312, -1.89600447817446e+307,  9.7304228943013e-72, 7.8900946893024e-308, 9.73041595147268e-72,  2.88230178150703e-306, NaN, NaN, NaN, -1.53632900827105e+305,  5.36695816425669e+145, 3.79212874880738e+146, 3.79212874880738e+146,  9.73080610298132e-72, 1.97498386275795e+166, 1.21467875813798e+248,  6.01121678204414e+175, 1.12414666149604e+79, 4.63709017468654e+92,  1.06399912715412e+248, 2.4404769475054e-152, 2.18178576370807e+243,  NaN), y = c(-1.65436122510603e-24, 1.22021305244567e-306, 7.29112000171981e-304,  0, 0, 6.08467906733361e-92, 3.79212841256663e+146, -5.65488929794712e+303,  2.50087072840768e+198, 1.42873423909247e-101, NaN, NaN, NaN,  NaN, NaN, NaN, NaN, NaN, NaN, NaN, NaN, NaN, 2.07578654319309e+301,  8.09477104739734e-317, 0, 9.72383351251926e-310, 2.781342323134e-309,  NaN, 7.1865878447512e-68, -5.48612508437241e+303, 6.08467906733369e-92,  3.87094914131351e+146, NaN, -1.36038732768883e+306, NaN, 4.07407195266897e+92,  1.06399912715412e+248, 3.07839226128682e+169, 5.28385240995917e-312,  4.73790921722628e+226, -2.38318614442689e+260, 6.08468000453871e-92,  -3.03759119748152e+73, 9.56462441221009e-308, -3.23597286758342e-93,  -2.71424108151117e-306, 0, 0, 0, 0, 0, 0, 0, 0, 0, 0, 0, 0, 0 ))
result <- do.call(remote:::corC,testlist)
str(result)