testlist <- list(x = c(NaN, 9.77579680021089e-150, 9.62386752488077e-72,  -1.42858912783146e-101, NaN, NaN, 3.79212994938103e+146, -5.65488929794712e+303,  2.50087072840768e+198, -3.23597469046009e-93, -1.1123547874305e-308,  NaN, -3.70313374643574e+304, -7.27742855720597e+230, -2.15255522515483e+260,  9.73219337632507e-72, 3.87094914133443e+146, NaN, NaN, 2.91415141904268e-306,  8.30987219517937e-246, 8.30987219517939e-246, NaN, -1.60283297694686e-180,  -1.60283297694686e-180, -1.60283297694686e-180, -1.60283297694686e-180,  -1.60283297694686e-180, -1.60283297694686e-180, NaN, -3.70313374643574e+304,  8.46848052177477e-246, 8.30987219517939e-246, 8.30987219517939e-246,  6.56083607051727e-303, 5.69707910729511e-304, 0, 1.3262473693533e-315,  NaN, NaN, 1.42873423910284e-101, NaN, 2.71619573387004e-312,  NaN, NaN, 4.71678088883395e+304, 5.28385240995917e-312, NaN,  2.20351989618479e+122, 1.1945305291615e+103, NaN, NaN, NaN, NaN,  NaN, -3.70313374643574e+304, NaN, NaN, -9.7104892450464e-268,  NaN, NaN, NaN, NaN, NaN, 2.84821676298706e-306, NaN, NaN, 8.30987221135977e-246,  8.30987219517939e-246, 6.08467906787175e-92, 6.75724330684027e-307,  9.62204763974535e-72, NaN, -5.48612668478166e+303, 6.08467906733369e-92,  3.87094914131351e+146, NaN, NaN, 3.79243671540824e+146, 2.85716934991999e-306,  3.02610034142856e-306, NaN, NaN, -9.87501635876109e+304, NaN,  1.33387214147152e+58, 0), y = c(-2.38318614443499e+260, 2.91371240326559e-306,  3.79243664096558e+146, 2.15027024372053e-105, NaN, 3.02610044756979e-306,  7.41841216314217e-68, 3.02275738319942e-306, 2.22745068949228e-310,  -3.78652030801685e-29, -2.71424243519522e-306, NaN, NaN, -2.12455095820176e+183,  NaN, NaN, NaN, -5.82900680620474e+303, NaN, 7.41841229438473e-68,  -7.35724094540915e+274, 0, 0, 2.67008863391799e-306, 7.22897639247489e-304,  3.79212874749394e+146, -2.38333394867104e+260, 7.26644546859808e+223,  -1.00876106314268e+307, -9.71048924507435e-268, NaN, NaN, NaN,  7.18749248486265e-68, NaN, 7.29112201268623e-304, -5.66895038836732e+303,  -7.2911220195564e-304, NaN, NaN, NaN, NaN, 2.71616918267848e-312,  NaN, -7.28801039283239e-304, Inf, 2.12989934333212e-307, 2.92009072453346e-68,  -1.53619358903318e+305, 5.36695816425669e+145, 2.91371240326559e-306,  NaN, 1.14439567659643e-72, 4.33776138720104e-306, NaN, 2.0760479144483e+301,  8.40073338950362e-246, 2.71723641421108e-312, NaN, NaN, -1.89600447816683e+307,  9.7304228943013e-72, 1.04887323858447e-274, 1.68324348536672e+212,  2.81700905511843e+209, NA, -1.8652821310701e+305, NaN, 5.42157458642959e-312,  0))
result <- do.call(remote:::corC,testlist)
str(result)