testlist <- list(x = c(NaN, NaN, NaN, NaN, NaN, -1.23745249771052e+294, 2.71619573387004e-312,  6.87144718799391e-310, -1.23745249771052e+294, 1.38792317701896e-309,  -5.48612406879369e+303, NaN, 2.11780257233192e-314, 0, 2.67227007454578e-310,  0, -5.48612406879369e+303, Inf, 0, 0, NaN, NaN, NaN, NaN, 6.08468112466636e-92,  -2.38319904797143e+260, NaN, NaN, 6.9533931076695e-310, 1.42892872559764e-284,  NaN, 8.30981545424424e-246, NaN, -1.00876106105665e+307, -6.07947196002308e+303,  3.79204267117634e+146, 1.85495612382695e+106, 3.79212874749394e+146,  2.7161547747954e-312, -1.89581161081075e+307, 4.08674151255564e+149,  -5.82900680269842e+303, NaN, 3.87096819862669e+146, 9.73041473214311e-72,  6.95612522083812e-310, -5.5048754686208e+303, NaN, -1.65436122354721e-24,  9.7321933426132e-72, 8.35025495714768e-246, 1.68324268753418e+212,  -7.1077724626361e-304, Inf, 9.73041597848758e-72, -9.80559808790671e-309,  7.26644546859796e+223, -1.00876106314268e+307, -1.40719037455818e+306,  2.05545689488119e-314, 0, 9.72383351251926e-310, -6.80700156270601e+279,  2.75909156861325e-306, 2.22507385848135e-307, -5.79418279327991e+303,  1.42873376806604e-101, -3.70306259156729e+304, -1.39824607367763e-235,  -1.61821220639115e-24, 3.77009287526242e+146, 8.63351315353654e+298,  -1.53322435451733e-27, NaN, 0), y = c(-5.50085992813036e+303,  NaN, 9.73041595136716e-72, 9.7304159785129e-72, NaN, -5.48612670514125e+303,  -1.89326034821273e+307, 9.7304228943013e-72, -5.73658920572323e+303,  -5.63000036182064e+303, 1.33632686134064e-309, 0, 0, 0, -5.48612406879369e+303,  8.06559988768169e-308, 2.72023243328247e-312, 2.87938390793431e-306,  9.73041595134142e-72, 2.44448192438488e-310, 9.73041595136716e-72,  NaN, NaN, -2.48104025832402e-265, 3.64749834166186e-310, 1.32515051111225e-105,  2.80241425004893e+199, 9.79277108609197e-72, -1.23745249771052e+294,  2.71619573387004e-312, 1.61992771683055e-59, -6.89903270585992e-310,  6.08468104465724e-92, 2.7266399319037e-312, -5.82845006727233e+303,  5.43230922481675e-312, NA, 2.67227007454578e-310, 0, -5.48612406879369e+303,  1.25986739689518e-321, 0, 0, 2.44448192438246e-310, -1.65234095246022e-24,  1.01854281214206e-71, -4.71591527795912e+304, 9.73041595136674e-72,  -7.88898212034534e+303, -2.21542701235897e+130, 2.44448192438246e-310,  NaN, NaN, NaN, NaN, NaN, NaN, NaN, NaN, 1.018763896368e-71, -5.48612668478166e+303,  -4.71591527488123e+304, -4.71591527801072e+304, -5.53567993169512e+303,  1.21046083231105e-321, 0, NaN, NaN, -1.61074037249095e-24, -9.56520159519263e-308,  -1.89599375890345e+307, 9.72999111967446e-72, -1.89326055052983e+307,  9.7304228943013e-72, NaN, NaN, NaN, NaN, NaN, NaN, NaN, NaN,  NaN, NaN, NaN, 7.41841230137484e-68, 2.71615477457307e-312, 9.73041432559757e-72,  NaN, NaN, NaN, NaN, NaN, -3.70313374643574e+304, NaN, -Inf, 0 ))
result <- do.call(remote:::corC,testlist)
str(result)