testlist <- list(x = c(NaN, -5.82789241228601e+303, NaN, NaN, NaN, NaN, NaN,  NaN, NaN, NaN, NaN, NaN, 5.31482395498565e+303, 5.31534977875419e+303,  -5.82900682309329e+303, -1.61821246298521e-24, 3.77009287526242e+146,  8.63351315353654e+298, -1.53322435451733e-27, NaN, -9.18679190138104e+306,  NaN, 4.24399158193054e-314, 5.42348819042693e-312, -2.605908932677e+304,  NA, -9.82966638472671e-268, 3.64749834166186e-310, 1.32515051111225e-105,  NaN, 7.41841228987794e-68, 2.03243194062461e+236, 2.46693879814373e+24,  8.90389806611905e+252, NaN, 7.29023545313675e-304, 1.68021412502251e-59,  -6.89903270585992e-310, 6.08468104465724e-92, NaN, NaN, 2.93640215764872e-306,  -3.78953885062866e+306, NaN, 3.87096820237718e+146, 8.06559989001307e-308,  9.73041595136682e-72, 9.73041595147278e-72, 4.77830791278646e-299,  -2.38318614444471e+260, 6.08465185279746e-92, NaN, 5.84052604316225e-308,  3.11137840468525e-319, 9.62165902125338e-72, 2.91371240326559e-306,  NaN, 1.14439567659643e-72, 0, 0, -2.38318614213576e+260, NaN,  6.08467865581359e-92, 2.73729167988462e-312, -1.89581161081075e+307,  4.08674151255564e+149, -5.82900680269842e+303, NaN, 3.87096819862669e+146,  -1.81496220615493e-308, 2.99937931998112e-241, NaN, NaN, 7.18658753874647e-68,  9.73219500208909e-72, NaN, NA, 6.26079986410028e-320, -1.61074037247892e-24,  -9.56520159519263e-308, -1.89599375890345e+307, 9.72999111967446e-72,  -1.89326055052983e+307, 9.7304228943013e-72, NaN, NaN, NaN, NaN,  NaN, NaN, NaN, NaN, NaN, NaN, NaN, 7.41841230137484e-68, 2.71615477457307e-312,  9.73041432559757e-72, 0), y = c(-4.71591527801047e+304, NA, NaN,  7.29111943920934e-304, 0, -2.38318614442688e+260, 8.3016925275311e-246,  8.30987219517939e-246, -1.23745249771049e+294, 2.71619573387004e-312,  NaN, NaN, NaN, NaN, NaN, NaN, NaN, NaN, NaN, NaN, NaN, NaN, -3.70313374643574e+304,  2.87938463999371e-306, 9.73041595147268e-72, -4.71591527801047e+304,  NaN, 2.73729394894532e-312, -Inf, 9.7321933426132e-72, -1.89600447816189e+307,  2.03907296908089e-314, 0, 0, 0, NaN, -5.48635950218785e+303,  -2.38318614443032e+260, 2.71988459588516e-312, -4.71591527795912e+304,  7.18658753874646e-68, 9.73041595136674e-72, NaN, NaN, NaN, NaN,  NaN, 3.02610044756979e-306, NaN, 3.13138872263546e-294, NaN,  NaN, NaN, -2.72023243454234e-312, 1.2026965782291e-72, NaN, 1.390671161567e-309,  -1.89581161081075e+307, 2.93604905755577e-306, -1.53632900827105e+305,  5.48772503648875e+303, 1.34706423095312e-309, -4.71591527801047e+304,  -4.86173068582902e-63, NaN, NaN, NaN, -2.12455095820176e+183,  NaN, -8.42668656908949e+307, 6.08576708267566e+250, 8.14389217552137e+62,  2.9360490575559e-306, -1.53632900827105e+305, 5.48772503648875e+303,  1.34706423095312e-309, 0))
result <- do.call(remote:::corC,testlist)
str(result)