testlist <- list(x = c(2.81776900841821e-202, 2.81776900841821e-202, 2.81776900841821e-202,  2.81776900841821e-202, 2.81776900841821e-202, 2.81776900841821e-202,  NaN, 2.93434218727605e-202, 2.81776901533937e-202, 2.81776900841821e-202,  2.81776900841825e-202, 1.42873355795401e-101, 4.72592345788688e+92,  1.06399912715412e+248, -1.80357905449914e+152, 2.18178576525041e+243,  9.73041558742887e-72, 2.21419573370192e-52, -4.71591527795913e+304,  NaN, NaN, NaN, NaN, NaN, NaN, NaN, NaN, 8.30987219517939e-246,  8.30987219517939e-246, 9.62204763974535e-72, -1.61801080538925e-24,  3.77009287526242e+146, 6.97338079086e-310, 7.28221824744457e-304,  9.456945848961e-308, -5.66877427927406e+303, 1.42873423645201e-101,  -1.33844283137785e+306, NaN, NaN, NaN, NaN, NaN, 6.68517442746449e-52,  8.40073338950336e-246, 2.71723641421108e-312, NaN, -1.25714489640888e+294,  NaN, -5.48635950218811e+303, 1.01858529362882e-71, -5.66895036899863e+303,  2.81700905867252e+209, NaN, NaN, NaN), y = c(9.73219334265601e-72,  7.23113375553131e-68, 9.73041595136674e-72, -7.06951161660472e-304,  -5.50085992813036e+303, -5.486359502185e+303, NaN, 5.01175686137592e-304,  0, 0, 0, 0, 5.12587133837263e-92, 6.96379502920312e-310, -8.06559990102162e-308,  1.42873423909245e-101, NaN, 8589934592, 1.67997198804499e-59,  -1.40461656607262e+306, 2.53381218325814e+208, 2.81700905511843e+209,  -Inf, NaN, NaN, NaN, NaN, NaN, 2.07578654319309e+301, NaN, NaN,  1.00128323632824e-307, -9.94244620649312e+298, 2.8480958990053e-306,  9.62386954292137e-72, NaN, -5.48746345455267e+303, 6.08467906733369e-92,  8.3502549492428e-246, NaN, 2.81700905511843e+209, -5.65890481129857e+303,  1.42873423910284e-101, -5.55175489066681e+303, -Inf, -3.70313374640393e+304,  NaN, 2.72397687222332e-312, -1.89581161081075e+307, 2.7162536913918e-312,  4.64775945105517e-281, NaN, NaN, NaN, -1.11235655958443e-308,  NaN, -3.23597469041949e-93, -Inf, -1.53322435451733e-27, -1.42870104059616e-105,  8.30987429993526e-246, 2.85369267201607e-306, -1.53632900827105e+305,  8.30987219517748e-246, 8.30987219517939e-246, 8.30987219517939e-246,  6.87964986063824e-246, 8.30987219517939e-246, 8.30987219517942e-246,  NaN, 8.30984024335263e-246, 8.30987219517939e-246, 8.30987219517939e-246,  8.3502549434281e-246, 6.87376517264586e-270, 8.30987219517939e-246,  8.30987219518797e-246, 8.30987219491299e-246, 8.88419903937062e-246,  7.28221824744735e-304, 8.30987219517938e-246, NaN, 5.48411498165293e+303,  1.09733325374573e-307, NaN, 1.44295713785144e-312, NaN, -1.02911671482702e+270,  -3.70306259156729e+304, -3.90243644016263e+304, 0))
result <- do.call(remote:::corC,testlist)
str(result)