testlist <- list(x = c(8.30987221135977e-246, 8.30987219517939e-246, 8.30987219517939e-246,  8.30987219517938e-246, 8.30987219737718e-246, 8.30987212698107e-246,  9.2138686504769e+25, 6.19976595872092e+223, 3.0261004475454e-306,  5.09669775619253e+160, NaN, 2.73670918138436e-312, 4.64775945105517e-281,  8.30987219517939e-246, 8.30987219517939e-246, 8.30987219517939e-246,  8.30985037171848e-246, 3.43836666477644e-245, 4.50479074354519e-265,  8.30987219517939e-246, 1.93718918035744e-308, Inf, 3.77002401458713e+146,  Inf, -1.53322435451733e-27, NaN, -9.18679190138104e+306, NaN,  -3.75467128645667e+255, 7.2289763924751e-304, NaN, NA, NaN, -2.04220038872474e-301,  -2.04220038872469e-301, -3.70313374641996e+304, 7.11402216955464e-102,  NaN, -5.14052554711035e+198, 1.06399912715412e+248, NaN, -1.89600394659092e+307,  9.7304228943013e-72, 0), y = c(NaN, NaN, -2.04220038872469e-301,  -2.04220038872469e-301, -1.029116714827e+270, -3.6944905227098e+304,  NaN, NaN, -7.34364284064207e+211, -7.34356227824008e+211, -3.69449052267798e+304,  2.73737457034026e-312, 1.42873423909761e-101, NaN, 3.44951813610554e-33,  NaN, -9.961041871172e+303, -1.65415927672038e-24, -1.92279465440037e+290,  NaN, 2.79466008357072e+209, 8589326006.71373, 1.67997198804499e-59,  -1.40461656607262e+306, 2.53381218325814e+208, 2.81700905511843e+209,  -5.63000036177431e+303, -5.48612669340228e+303, 6.08767521447208e-92,  -1.06259066826422e-314, 1.78812664220601e-130, NaN, NaN, 2.51616479045726e-300,  -5.66895038831451e+303, NaN, 8.30987219524259e-246, 8.30540276197104e-246,  2.8179045832175e-242, NaN, NaN, 8589062144, 1.55092625500183e+209,  -7.29027725474918e-304, 6.08468111323648e-92, -5.48746080782892e+303,  NaN, -3.23597287472709e-93, -1.00876106106482e+307, 8.30987219517677e-246,  8.30987219517939e-246, -2.38333746550486e+260, 8.30987219464345e-246,  3.78188551005911e+146, 3.79212874880738e+146, 3.79199537332e+146,  2.20783890475531e+208, -5.48635429615811e+303, NaN, 8.30987219517812e-246,  8.30987275781549e-246, 8.30985473641066e-246, 3.65880478856703e-236,  -2.38318620596563e+260, NaN, NaN, NaN, -7.2911220195564e-304,  1.33387214147145e+58, 1.6622691328361e-309, 1.35266621695018e-309,  0, 0, 8.84377506055831e-322, -2.71389477264779e-306, 1.33387214147145e+58,  1.6622691328361e-309, 5.46211478454128e-304, 0, -5.4861266847815e+303,  NaN, NaN, NaN, 3.23785921002061e-319, 3.79837246582784e-312,  NaN, -1.65436122509604e-24, 1.01854281133781e-71, 9.62203901921811e-72,  3.79212874880736e+146, 4.08674151484807e+149, NA, 1.68013505587499e-59,  -5.66895038836732e+303, 4.77830974453707e-299, -5.48612406879369e+303,  0))
result <- do.call(remote:::corC,testlist)
str(result)