testlist <- list(x = c(NaN, 3.02610044756979e-306, NaN, NaN, NaN, -1.65436122510606e-24,  -5.48612668479553e+303, NaN, NaN, 8.30987219517939e-246, 8.30987219517939e-246,  9.62204763974535e-72, -1.61801080538925e-24, 3.77009287526242e+146,  6.97338079086e-310, 7.28221824744457e-304, 9.77580567630856e-150,  -5.66877427927406e+303, -5.48612668486133e+303, 6.08467906733369e-92,  NaN, 3.14937205285044e-319, 0, 3.79837246582784e-312, 1.08646184497422e-311,  -1.65415927671432e-24, 1.01854281133781e-71, 1.68324268647103e+212,  2.81700905511843e+209, 1.42873423909247e-101, -1.33844283137785e+306,  8.31022712171971e-246, -5.48612668582341e+303, NaN, 5.48611622079704e+303,  -5.48612408923094e+303, 2.44448195677414e-310, 7.23113375553148e-68,  4.36116391423288e-306, 2.81700996496593e+209, 2.81684065955876e+209,  -4.80143005247854e+304, NaN, 5.48611622079704e+303, 6.08468112466627e-92,  9.73041597848758e-72, -9.80559808790671e-309, NaN, 2.81700905511848e+209,  1.39064997639058e-309, 0, 2.71615461243555e-312, -5.54407341033478e+303,  NaN, 8.30987219517729e-246, NaN, -3.70313374640393e+304, NaN,  -5.63000036177449e+303, NaN, 8.30987219517963e-246, 2.84812998736981e-306,  -3.47306048135437e-164, 7.18658753874647e-68, 2.67240104209568e-310,  6.47581723317039e-319, NaN, NaN, -1.89600447816683e+307, 9.7304228943013e-72,  -9.96126926178503e+303, NaN, 5.78614949170321e+211, -1.83936131865709e+307,  3.79204267271724e+146, 1.14439567659643e-72, 3.79212874880225e+146,  2.7161547747954e-312, -1.89581161081075e+307, 4.08674151255564e+149,  -5.82900680269842e+303, NaN, 3.87096819862669e+146, -1.81496220615493e-308,  NaN, 6.98350748929955e-251, 8589062143.99976, -5.4861267052189e+303,  7.18658753874646e-68, 9.73041595136674e-72, 9.73041595136716e-72,  6.49869973598111e-275, NaN, NaN, 2.19508751156436e-307, -7.34356227824488e+211,  1.28159891360096e-309, 1.2302234581447e-321, 0, 1.483739244464e-314 ), y = c(6.95457180862644e-310, Inf, 8.58021665866888e-246, 1.42873359256086e-101,  NaN, 8.30987275781573e-246, 8.30985473641066e-246, NaN, 5.48611622079704e+303,  NaN, 7.00767890008367e-310, -1.61801130333396e-24, 8.30987219517938e-246,  8.30987219517939e-246, 8.30987219517939e-246, 8.30428538918795e-246,  7.30183567378584e-87, 8.30987219517939e-246, NA, 1.40835642170954e-241,  6.0080509926318e-246, 1.25498749837233e-51, -5.82900417636923e+303,  -4.71657659967762e+304, 2.91371192396649e-306, -3.47306048135437e-164,  7.18658753874647e-68, NaN, 6.95356733779596e-310, 2.73737133117178e-312,  NaN, 6.98051818123231e-310, -1.53322435451733e-27, -1.42870104059616e-105,  NaN, Inf, 4.23629405793223e-33, 2.88286126708339e-306, 6.08468101032297e-92,  -5.48612668877334e+303, 5.36695816367522e+145, 3.79212874880499e+146,  3.79212874880738e+146, 9.73080610298132e-72, NaN, NA, -1.68303822679117e+212,  -7.34356227824008e+211, -3.97690628772091e+304, 7.00767890007349e-310,  NaN, NaN, 1.19453055932484e+103, 1.1945305291615e+103, NaN, NaN,  NaN, -3.70313373826227e+304, -5.66895038836758e+303, 1.42873423910284e-101,  -3.70313374643574e+304, NaN, -1.11235478578789e-308, NaN, NaN,  NaN, NaN, Inf, -2.44448195677414e-310, -1.00876106105665e+307,  -7.2911220195564e-304, 8.30987633735784e-246, 8.30987219517939e-246,  -1.89581166125173e+307, 3.79204267117634e+146, 1.14439567659643e-72,  3.79212874880225e+146, 2.7161547747954e-312, -1.89581161081075e+307,  4.08674151255564e+149, -5.82900680269842e+303, NaN, 3.87096819862669e+146,  -1.81496220615493e-308, 2.99937931998112e-241, NaN, NaN, NaN,  -1.89600447469256e+307, 0))
result <- do.call(remote:::corC,testlist)
str(result)