testlist <- list(x = c(9.07646028868083e+223, 4.87620583450624e-153, 3.82674424463788e+228,  3.13667399521747e+151, 1.71328773515816e+161, 9.26369954273059e+25,  8.90389806622574e+252, -1.60283297694295e-180, -1.60283297694686e-180,  -1.60283297694686e-180, -1.60283297694686e-180, -1.60283297694686e-180,  -4.67047726214229e+306, NaN, -1.60283297695242e-180, -1.60283297694686e-180,  -1.60283297694686e-180, NaN, -5.50219669790148e+303, 3.74648596024776e-270,  NaN, -1.65436056874913e-24, -1.62649936205667e-180, NaN, -1.11235655961137e-308,  NaN, -1.60283333807843e-180, NaN, 5.43230922486616e-312, -5.82845006727233e+303,  -7.29112201955639e-304, -1.89599375890345e+307, 9.72999111967446e-72,  -1.89326055052983e+307, 9.7304228943013e-72, NaN, NaN, NaN, NaN,  NaN, NaN, NaN, NaN, NaN, NaN, NaN, 7.41841230137484e-68, 2.71615477457307e-312,  9.73041432559757e-72, NaN, NaN, NaN, NaN, 1.33387214147152e+58,  NaN, -3.70313374643574e+304, 5.43230898455263e-312, 0, NaN, -5.4861266848211e+303,  NaN, NaN, 1.44295713785144e-312), y = c(-Inf, -Inf, NaN, NaN,  NA, NaN, -2.7142424352159e-306, -1.09629334532546e-204, NaN,  NaN, NaN, 7.2911220195564e-304, -9.94244620649312e+298, 9.73041595136674e-72,  NaN, NaN, 2.0760479144483e+301, -1.61801130345438e-24, NaN, NaN,  NaN, NaN, NaN, NaN, 6.0846790787044e-92, NaN, -5.82900682303404e+303,  2.67286997245307e-306, -1.65436122510603e-24, 2.81700905511841e+209,  2.81700905511843e+209, NaN, 2.91371192397767e-306, NaN, 2.93720699187072e-306,  -5.48612670513907e+303, -1.83812511586118e+307, 3.79212841256663e+146,  -5.65488929794712e+303, 3.39788305335715e+198, -3.23597469046009e-93,  -1.1123547874305e-308, NaN, NaN, NaN, 7.18749248432416e-68, -2.38318721067461e+260,  2.51616479046433e-300, 9.73042286096193e-72, 4.07756053855251e-315,  1.70044988095363e+103, NaN, 1.42873423910252e-101, NaN, 7.21700967667859e-304,  -1.23745249771052e+294, 1.38792317701896e-309, -5.48612406879369e+303,  NaN, 2.11780257233192e-314, 0, 2.67227007454578e-310, 0, -5.48612406879369e+303,  1.25986739689518e-321, 0, 6.953355807835e-310, -1.61801130333396e-24,  3.77009287526242e+146, 6.97338079086e-310, -1.53322435451733e-27,  -1.42806151706849e-105, NaN, 7.00725450092547e-310, 1.55451033971585e-76,  7.00665867780271e-310, -2.38348595519574e+260, NaN, NaN, NaN,  NaN, NaN, 1.22379062217896e-307, 6.08468111888427e-92, 9.73041429186794e-72,  2.71389477265161e-306, -5.555406053465e+303, 2.72668170091003e-312,  2.87938390793431e-306, 8.06559973582377e-308, 0))
result <- do.call(remote:::corC,testlist)
str(result)