testlist <- list(x = c(-2848394305499268608, -Inf, NaN, 3.13138872254432e-294,  8.19687411743843e+107, 8.19687411242632e+107, 8.19687411242632e+107,  NA, 8.19687411242632e+107, 8.19687411242632e+107, NaN, -5.66895038836732e+303,  4.77830974453707e-299, -5.48612406879369e+303, -1.0280848895709e+270,  5.36696056129819e+145, 4.36130329700044e-306, -5.48647536732276e+303,  3.09829366178658e+227, 7.32823854588706e+223, 2.78134232326715e-309,  NaN, -7.92330452278887e+269, 3.7700928790078e+146, -5.66895141776884e+303,  NaN, -6.83893152398672e+305, 1.9275571994696e+31, 2.49098672712463e-69,  NA, 3.62473289149921e+228, NaN, -1.23580516494335e+308, 1.7218834504468e-312,  1.20270650897953e-72, 9.73041596941758e-72, -9.73065952611172e-72,  3.11779746759249e-109, 3.07839225764688e+169, -6.88780618259754e+305,  -7.29112200858526e-304, -7.29112201955638e-304, 1.42873423644162e-101,  -1.33844283137785e+306, -1.60266243836463e-24, 3.77009287526151e+146,  3.79212874880737e+146, 2.66248966254448e-191, 9.73041747539649e-72,  8.30987219518879e-246, 8.30987219517939e-246, 1.14439567659643e-72,  -1.53619373675729e+305, 7.41781095011488e-68, 3.79212874880225e+146,  -5.48612668478166e+303, 7.28221824744457e-304, -3.19082352446904e+256,  8.06559989001323e-308, -2.29955764171419e-268, NaN, 7.28221824744457e-304,  9.62204764027244e-72, 2.71615461306795e-312, -5.50487546862096e+303,  NaN, NA, 9.7321933426132e-72, 8.35025495714768e-246, NaN, -1.60286438521319e-24,  -6.84640721992228e-310, 1.68021412502251e-59, 2.81700905511843e+209,  2.81700905511843e+209, 7.29112200599788e-304, -1.61801130333396e-24,  9.7321933426132e-72, NaN, NaN, -5.4861267052189e+303, NaN, NaN,  2.27944949292865e+58, 9.72999263764947e-72, -1.89581160816873e+307,  3.77009287775766e+146, -2.72397687142787e-312, 1.33387214147145e+58,  -5.55175489064554e+303, NaN, -3.70313374640393e+304, NaN, 0),      y = c(3.93417988360066e-245, -2.38318614358652e+260, -1.8960044781751e+307,      -5.44070586072558e+198, NaN, 6.98350748929955e-251, -1.42858912783146e-101,      NaN, NaN, -3.59369546331652e+304, -1.65436056874913e-24,      NaN, 1.42873423909249e-101, NaN, NaN, NaN, NaN, NaN, NaN,      NaN, NaN, NaN, -3.18195195990034e+305, 1.38524954521154e-309,      -1.83812511586118e+307, -3.33212086444828e+305, 2.15069497417506e-105,      NaN, -2.04220038873811e-301, -2.04220038872469e-301, 1.42873423778789e-101,      -Inf, NaN, NaN, -9.87502332382864e+304, -1.9227946544004e+290,      NaN, NA, 2.81700905511843e+209, 2.81700905511843e+209, NaN,      2.81692175444832e+209, 2.81700905511843e+209, 1.22021305244567e-306,      2.12989934333212e-307, 9.84158893407985e-308, 1.42873423910284e-101,      -1.11235655345934e-308, NaN, -1.63457028015198e-24, 9.7321933426132e-72,      3.91205157604657e-69, -3.47306048135439e-164, NaN, 2.71389483545788e-306,      4.77830971936524e-299, 1.19467631607383e+103, 1.1945305291617e+103,      NaN, NaN, 6.95335580945638e-310, NaN, -Inf, 4.36116648838817e-306,      NaN, 1.42873421781301e-101, -1.33844283137785e+306, 3.74609966156997e-270,      NaN, 7.00767889846476e-310, 7.41795951742097e-68, 3.79206603746468e-69,      NaN, 3.02610044756979e-306, 8.72417724411016e+298, -9.69392495604906e-268,      -9.48002239080747e+306, NaN, 7.28221824744457e-304, 9.62204764027244e-72,      2.71615461306795e-312, 9.7304159513669e-72, -2.38318614443037e+260,      6.08468000453871e-92, -3.03759119748152e+73, 8.04979588087877e-96,      0))
result <- do.call(remote:::corC,testlist)
str(result)