testlist <- list(x = c(9.73041595136674e-72, NaN, -1.05657042082017e+270,  NaN, -7.36418625315006e+211, 1.28159891360096e-309, 0, 0, -2.38318614213576e+260,  1.09889863630876e-255, -8.06559990102162e-308, 9.73041597848758e-72,  9.73219500208909e-72, -Inf, 7.00747250931263e-310, -2.38344303979819e+260,  1.01854281104598e-71, -1.6543612226167e-24, 5.22002680210694e-312,  0, 0, 0, NaN, 2.49880504629087e-310, -5.48612668870894e+303,  6.96290456547811e-310, 9.72999111960865e-72, -1.89326055052983e+307,  9.7304228943013e-72, NaN, NaN, NaN, NaN, NaN, NaN, NaN, NaN,  NaN, NaN, NaN, 7.41841230137484e-68, 2.71615477457307e-312, NaN,  -5.82895448289999e+303, -9.49142321524866e+304, 9.27283882573249e+25,  2.79418945783688e+232, 1.70176739763611e+214, 2.13553334696179e+233,  -2.10194060381426e+305, 5.48611622079704e+303, 6.08468112466627e-92,  -4.71591529110343e+304, NaN, NaN, NaN, NaN, NaN, NaN, NaN, NaN,  NaN, NA, NaN, NaN, 7.28221824744457e-304, -2.66133910471558e-110,  3.79212874880737e+146, 4.08674151109689e+149, -1.6375450763513e-24,  4.36116648835356e-306, 3.02610044756979e-306, 6.08468101032297e-92,  -1.89326034463213e+307, 9.7304228943013e-72, 1.01858529362882e-71,  2.73886860329595e-57, 3.02542414629125e-306, NaN, -3.70267542316793e+304,  -1.68303822679117e+212, -7.34356227824008e+211, 0), y = c(NaN,  NaN, 3.53369412299785e+72, NaN, 1.27733779612262e+294, NaN, 3.02587427464825e-306,  NaN, 2.6706902584553e-306, 5.03465493565698e-151, -1.65436057323211e-24,  3.74610001929789e-270, NaN, 4.77853388957755e-299, -6.83893047308153e+305,  1.9275571994696e+31, 2.49098672712463e-69, NaN, NaN, NaN, 2.72684748184602e-312,  6.9533931076695e-310, 1.42892872559764e-284, NaN, 8.30987219524259e-246,  8.30987219517939e-246, 8.06559989001628e-308, 1.28434424640527e+58,  9.81179442620332e-72, 7.28221824744457e-304, -2.97439258973805e+284,  1.08646184486898e-311, 2.87938390793448e-306, -1.60266243836459e-24,  3.77009287526151e+146, 3.79212874880737e+146, 2.66248966254448e-191,  9.73041747539649e-72, NaN, NaN, -7.34364284064207e+211, -7.34356227824008e+211,  1.09733325052082e-307, 2.84843949052451e-306, NaN, 1.42280443391093e-101,  1.25986739689518e-321, 1.483739244464e-314, 1.1112399653614e-307,  2.84843949052451e-306, -5.48647984313592e+303, -9.87502332382864e+304,  -1.9227946544004e+290, NaN, 2.79466008357072e+209, 2.81700905511843e+209,  2.81700905511843e+209, NaN, NaN, NaN, NaN, NaN, NaN, 1.22379062217896e-307,  NaN, NaN, 7.2911220195564e-304, NaN, NaN, NaN, NaN, NaN, NaN,  NaN, NaN, NaN, NaN, NaN, 2.73737457034026e-312, 1.42873423909761e-101,  NaN, 7.19591564630024e+299, 3.87096820239183e+146, -2.34246068312348e+305,  -1.65415927672034e-24, -1.65436122510604e-24, NaN, NaN, -5.48612545853721e+303,  NaN, NaN, -5.82900682303404e+303, 2.67286997245307e-306, -1.65436122510603e-24,  2.81700905511841e+209, -5.55540605342023e+303, 6.95346107871975e-310 ))
result <- do.call(remote:::corC,testlist)
str(result)