testlist <- list(x = c(0, 1.483739244464e-314, 1.1112399653614e-307, 2.84843949052451e-306,  2.05548914748655e-314, 0, 9.72383351251926e-310, -6.80700156270601e+279,  3.69397026967696e-310, NaN, -1.08825319815761e+266, NaN, -2.73635975329087e+306,  -1.89581267677296e+307, 3.79204267117634e+146, 2.67026296472841e-306,  5.03465493565698e-151, -1.65436057323211e-24, 3.74610001929789e-270,  7.29112200600391e-304, 1.65780921169162e-316, NaN, -1.61801080538925e-24,  5.3669597612069e+145, 6.97338079086e-310, 7.28221824744457e-304,  9.456945848961e-308, -5.66877427927406e+303, 1.42873423645201e-101,  -1.33844283137785e+306, 8.31022712171971e-246, 1.61798444721138e-59,  -1.85992593653595e-35, -1.85984411296218e-35, -6.88390746245034e-310,  -5.73658918528607e+303, NaN, 5.48611622079704e+303, 6.08468112466627e-92,  9.73041597848758e-72, -9.80559808790671e-309, -7.92441796695826e+269,  -1.24412568705765e+294, 36893488147419099136, 3.66244122841979e-310,  NaN, 4.77830791748002e-299, -2.38318614444471e+260, 6.08465185279746e-92,  9.73041597848758e-72, 5.84052604316225e-308, 3.11137840468525e-319,  0, 0, 0, -3.29167443310125e+304), y = c(9.62165903814406e-72,  -1.13721019963807e-24, 9.7321933426132e-72, NaN, NaN, NaN, NaN,  7.00767890008367e-310, -1.61801130333396e-24, 8.30987219517938e-246,  8.30987219517939e-246, 8.30987219517939e-246, 8.30428538918795e-246,  7.30183567378584e-87, 8.30987219517939e-246, 8.30987219517938e-246,  1.40835642170954e-241, 1.99236494769177e+82, NaN, 38.289054274559,  1.4259844579662e-71, -1.61802081000168e-24, 3.77009287526242e+146,  8.06559989001307e-308, 3.79212841256667e+146, -1.62851183250895e-24,  NaN, 7.22733651934064e-68, NaN, -1.60286438521319e-24, -6.84640721992228e-310,  1.68021412502251e-59, 2.81700905511843e+209, 2.81700905511843e+209,  8.31093257584397e-246, 3.43836666477644e-245, 4.50479074354519e-265,  8.30987219517939e-246, 1.93718918035744e-308, 8.30088070610693e-246,  6.95232473424095e-308, 3.79212874749394e+146, -2.38333394867104e+260,  -1.65415927672038e-24, 3.74625309601767e-270, NaN, 5.41465355676164e-312,  2.52961610670718e-321, -2.38318614360344e+260, -1.8960044781751e+307,  -5.44070586072558e+198, 2.12954872459013e-307, NaN, 3.23785921002061e-319,  -5.48647843295468e+303, -5.4863320593163e+304, 7.00747250931263e-310,  2.8168532004607e+209, 2.71389504621557e-306, 4.77830971936524e-299,  2.07604789077893e+301, -1.00456817445432e-202, NaN, 1.25986739689518e-321,  0, -3.29167443310125e+304, 1.01854281104598e-71, -1.65234095232781e-24,  9.62165903814406e-72, -1.13721019963807e-24, 3.82608063807705e-307,  NaN, 9.73159893132643e-72, NaN, NaN, -7.2911220195564e-304, -2.38318614442688e+260 ))
result <- do.call(remote:::corC,testlist)
str(result)