testlist <- list(x = c(NaN, -8.42668656914186e+307, NaN, -2.12455095820176e+183,  NaN, NaN, NaN, NaN, -9.96108017633184e+303, NaN, -1.61801130191366e-24,  3.77009287526242e+146, 8.63351315353654e+298, -1.53322435451733e-27,  NaN, -9.18679190138104e+306, NaN, -7.92334482846293e+269, 3.7700928790078e+146,  -5.66895215351541e+303, -7.2911220195564e-304, -2.38318614442688e+260,  4.57727450149095e-246, 8.30987219517939e-246, 8.30987219517939e-246,  8.30987219517939e-246, 8.30987219517939e-246, -9.95438324317167e+303,  NaN, 8.06251844203682e-317, 0, 9.72383351251926e-310, -2.88947894982516e+207,  -4.86291469782241e-63, 5.09925288931431e-68, NaN, -5.55540605346505e+303,  6.95346107871975e-310, 2.71389545614156e-306, -5.555406053465e+303,  7.17586319373877e-304, 8.37148831145348e+298, 1.61992864597223e-59,  -6.89903270585992e-310, NaN, -8.42668656914186e+307, NaN, -2.12455095820176e+183,  NaN, NaN, NaN, NaN, -9.96108017633184e+303, NaN, -1.61801130191366e-24,  3.77009287526242e+146, 8.63351315353654e+298, -1.53322435451733e-27,  NaN, -9.18679190138104e+306, NaN, -7.92334482846293e+269, 3.7700928790078e+146,  -5.66895215351541e+303, -7.2911220195564e-304, -2.38318614442688e+260,  4.57727450149095e-246, 8.30987219517939e-246, 8.30987219517939e-246,  8.30987219517939e-246, 8.30987219517939e-246, -9.95438324317167e+303,  NaN), y = c(9.72383351251926e-310, -2.88947894982516e+207, -4.86291469782241e-63,  5.09925288931431e-68, NaN, NaN, NaN, 7.41841230137484e-68, 2.71615477457307e-312,  9.73041432559757e-72, NaN, NaN, 2.44448195449754e-310, NaN, NaN,  NaN, 1.42873355795401e-101, 3.87096819686786e+146, NaN, 2.8480959075765e-306,  -1.53632900827105e+305, 8.30987219431032e-246, 8.30987219517939e-246,  8.30987219517939e-246, 8.30987219517939e-246, 8.30987219517939e-246,  6.56083607051727e-303, 5.69707910729511e-304, -1.23745249771048e+294,  2.71619573387004e-312, 5.48557209261141e+303, -1.36038732768881e+306,  NaN, NaN, NaN, 1.42873423644166e-101, -3.70313374643574e+304,  NaN, -5.48612668486133e+303, -1.65436122510605e-24, 1.01854281133781e-71,  9.7304159756138e-72, NaN, NaN, -9.87502332382864e+304, -1.9227946544004e+290,  NaN, 2.79466008357072e+209, 2.81700905511843e+209, 2.81700905511843e+209,  8.30987221135951e-246, -1.61802081000168e-24, 3.77009287526242e+146,  NaN, -1.07567531393808e-204, NaN, 1.3338721461482e+58, -5.55175489064554e+303,  NaN, -3.70313374640393e+304, NaN, 3.95833371073973e-106, 2.85716935986473e-306,  5.43147999647439e-312, -1.89581161081075e+307, NaN, 8.06251844203682e-317,  -5.4861266847815e+303, NaN, -5.4861266848211e+303, NaN, NaN,  -9.71049234405688e-268, NaN, 2.73737457032544e-312, -5.486359502185e+303,  9.50289882696929e-43, 9.73041595147278e-72, 4.77830791278646e-299,  NaN, 2.44448195553463e-310, 1.00797316970836e-71, -7.34355935942897e+211,  3.18093068500255e-304, NaN, NaN, 1.04385575967977e-312, NaN,  NaN, 7.29111943920934e-304, 0, -1.65234095232781e-24, -2.38318614443002e+260 ))
result <- do.call(remote:::corC,testlist)
str(result)