testlist <- list(x = c(1.3335776196615e+58, 7.29112200947692e-304, 1.25567413720257e+299,  NaN, 2.81700905511323e+209, 2.81700905511843e+209, NaN, 8.90406076785957e-315,  9.88131291682493e-324, 4.34970285608802e-114, 5.80430808415093e+180,  -1.65423850294101e-24, 1.68048229123509e+117, 1.5319122082349e-94,  9.07652344884246e+223, 8.90389806741436e+252, 4.23256557024572e-133,  1.14644448860664e+242, -1.01858525723503e-71, -2.28601004152713e-268,  NaN, 5.48611622079704e+303, 3.79224427364824e+146, 2.85716934991999e-306,  1.94693954327096e-308, -1.27720806360944e+294, NaN, 1.01854281104598e-71,  3.93417988360066e-245, NaN, NaN, -9.87502332382864e+304, -1.9227946544004e+290,  -6.84640721735853e-310, 1.68021412502251e-59, 2.81700905511843e+209,  2.81700905511843e+209, NaN, NaN, -1.89600447816683e+307, 9.7304228943013e-72,  1.04887323858447e-274, 1.6832426875398e+212, -1.53322435288837e-27,  -1.42870104059616e-105, -7.29023384379017e-304, 2.81724197607943e+209,  7.00767890007635e-310, 4.23629405793223e-33, NaN, NA, -5.48612668478166e+303,  9.47580473290616e-97, 2.0784042326238e+25, 2.79418945783688e+232,  1.70176739763611e+214, 2.13553334696179e+233, 6.96396620257572e-310,  7.28221824749731e-304, 3.11760982876067e-109, 3.07839225764688e+169,  2.94644601735994e-241, 8.30987219517939e-246, -1.49222574669249e+306,  8.30987219517939e-246, 8.30987219517939e-246, 8.30987219517938e-246,  8.30987219737718e-246, 8.30987212698107e-246, 3.81512381134243e-236,  NaN, 8.30987219517729e-246, 1.22021305244566e-306, 1.33387214148972e+58,  3.22369663950209e-115, 1.12408818785228e+79, 3.68701941301911e+228,  NA, NaN, NaN, NaN, -1.61356764997527e-24, 3.02609776324507e-306,  0, -1.27720806360944e+294, 0), y = c(-5.63000036177449e+303,  4.64775945105517e-281, 8.30987219517939e-246, 1.7198983924574e-312,  NaN, 7.04640648928756e-67, 6.96380099638026e-310, -1.61801130333396e-24,  -1.36055956954468e+306, 2.06400484714817e-314, 0, 3.43834387937161e-245,  NaN, 2.72855385968696e-312, -1.89581161081075e+307, NaN, 8.06251844203682e-317,  0, 9.72383351251926e-310, 2.781342323134e-309, NaN, 7.1865878447512e-68,  3.79194931206216e+146, 1.19453394674075e+103, NaN, NaN, NaN,  -5.50219669790148e+303, 3.74648596024776e-270, NaN, NaN, NaN,  2.31633015294839e-106, NaN, 3.02610044756979e-306, NaN, NaN,  NaN, -1.65436122510606e-24, -5.48612668479553e+303, NaN, NaN,  8.30987219517939e-246, 8.30987219517939e-246, 9.62204763974535e-72,  -1.61801080538925e-24, 5.3669597612069e+145, 6.97338079086e-310,  7.28221824744457e-304, 9.456945848961e-308, -5.66877427927406e+303,  1.42873423645201e-101, -1.33844283137785e+306, 8.31022712171971e-246,  -5.48612668582341e+303, NaN, 5.48611622079704e+303, 6.08468112466627e-92,  9.73041597848758e-72, -9.80559808790671e-309, 2.81724197605566e+209,  5.34783510512667e+303, NaN, NaN, NaN, NaN, NaN, NaN, NaN, NaN,  NaN, NaN, NaN, NaN, NaN, 1.22379062217896e-307, 3.87096819862669e+146,  NaN, 8589934592, 1.67997198804499e-59, -1.40461656607262e+306,  2.53381218325814e+208, 2.81700905511843e+209, 2.81700905511843e+209,  1.00332674506262e-71, -1.008760630344e+307, -9.71048924507435e-268,  NaN))
result <- do.call(remote:::corC,testlist)
str(result)