testlist <- list(x = c(3.79212822780143e+146, 4.85787505972498e-33, 4.85787505972498e-33,  4.85787505972498e-33, 4.85787505972498e-33, 4.85787505972498e-33,  4.85787505972498e-33, 4.85787505972498e-33, 4.85787505972498e-33,  4.85787505972498e-33, 4.85787505972498e-33, 4.85787505972498e-33,  4.85787505972498e-33, NaN, NaN, -5.4861267052189e+303, 3.79212822780143e+146,  NaN, NaN, 3.79212822780143e+146, NaN, -Inf, NaN, 4.64775945105517e-281,  8.30987219517939e-246, 8.30987219517939e-246, 8.30987219517939e-246,  8.30985037171848e-246, -4.12158517050647e+304, NaN, NaN, 3.79212822780143e+146,  8.30985473641066e-246, NaN, NaN, NaN, 1.09891922326616e+299,  -9.96108017196687e+303, NaN, NaN, NaN, 1.78812707215008e-130,  9.73219334262484e-72, NaN, NaN, -1.018763896368e-71, NaN, NaN,  NaN, NaN, 6.96379503244098e-310, 7.28221824744457e-304, NaN,  7.2911220195564e-304, -1.61801130333396e-24, 7.04493145061492e-319,  -5.55540605338673e+303, 6.95346107871975e-310, -1.05658892647582e+270,  -3.70306259156729e+304, 2.2250738585072e-307, NaN, 8.30984024335263e-246,  8.30987219517939e-246, 8.30987219517939e-246, 8.30987219517939e-246,  8.30987219517808e-246, 8.30987275781549e-246, 8.30985473641066e-246,  3.65880478856703e-236, -2.38318620596563e+260, 8.30987219464345e-246,  7.17586319368843e-304, -1.11235443761558e-308, 0), y = c(7.29023199001299e-304,  0, 0, -5.48612406879369e+303, 2.84809501632709e-306, 6.08468101032298e-92,  9.73042289430147e-72, 1.01858529362882e-71, 2.73886860329595e-57,  3.02542414629125e-306, -5.77944934555705e+303, 7.18658753874646e-68,  NaN, 1.3363268613403e-309, 0, 0, 0, -5.48612406879369e+303, 8.06559988768169e-308,  2.72023243328247e-312, 2.87938390793431e-306, 9.73041595134142e-72,  2.44448192438488e-310, 1.01858529362886e-71, NaN, NaN, NaN, NaN,  NaN, 4.86173068582902e-63, 1.78812621226196e-130, 1.58388935125172e+146,  3.79212874880738e+146, 3.7579846240383e+146, 9.73041595139e-72,  2.71623749024311e-312, 7.29112201952966e-304, NaN, 7.103322322784e-304,  1.32571952833338e-48, 2.93604905755582e-306, -1.53632900827105e+305,  5.48772503648875e+303, 1.34706423095312e-309, 0, -4.86173068582902e-63,  NaN, -1.07567531393806e-204, 8589062144, -2.12455096215903e+183,  NaN, -8.42668656908949e+307, 6.08576708267566e+250, 8.14389217552137e+62,  9.72999263764947e-72, -6.75724390599207e-307, 3.87094914132226e+146,  -3.90266541371583e+304, 2.15069497417506e-105, NaN, 2.78134232345779e-309,  NaN, -7.92330452278887e+269, 3.7700928790078e+146, -5.66895141776884e+303,  NaN, -6.83893152398672e+305, 1.9275571994696e+31, 2.49098672712463e-69,  3.22369733851121e-115, 3.62473289149921e+228, NaN, 5.42178213637191e-312,  -1.89600340666649e+307, 9.7321933426246e-72, 36893488078751731712,  6.96290395998974e-310, -2.98060622276877e-05, 6.96379420410553e-310,  NaN, NaN))
result <- do.call(remote:::corC,testlist)
str(result)