testlist <- list(x = c(2.81700905511843e+209, 2.81700905511843e+209, 2.81700905511843e+209,  NaN, -5.82900682303404e+303, 2.67286997245307e-306, NaN, -9.87502332382864e+304,  -1.9227946544004e+290, NaN, 2.79466008357072e+209, 2.81700905511843e+209,  2.81700905511843e+209, 2.81700996007965e+209, -6.01709482180478e+305,  Inf, -1.13737333918398e-24, 1.53000989319064e-308, 2.87938390793431e-306,  9.73041595147268e-72, 9.73042290078363e-72, NaN, 2.73729394894532e-312,  -1.13717206871406e-24, 9.7321933426132e-72, -1.89600447816189e+307,  2.03907296908089e-314, 0, 0, 0, NaN, -Inf, -2.38318614443032e+260,  2.71988459588516e-312, -4.71591527795912e+304, 7.18658753874646e-68,  9.73041595136674e-72, NaN, NaN, NaN, NaN, NaN, NaN, NaN, NaN,  NaN, NaN, NaN, NaN, 2.81700905511841e+209, NaN, 7.29040301529777e-304,  -1.89600340666652e+307, -6.24349700723321e+144, NaN, NaN, -5.82900682309329e+303,  -1.61801130333396e-24, 8.3467451147312e-246, 7.16569432813255e-246,  -1.23569204615211e+39, 7.56714523577085e-311, 8.3098370721752e-246,  5.31468282500797e+303, NaN, 2.81700905511841e+209, NaN, NaN,  NaN, NaN, -3.23597286758348e-93, NaN, 8.58133400261844e-246,  8.30987219517939e-246, -1.53891158682672e+305, 5.36695816425669e+145,  6.08467906730551e-92, 3.79204267118609e+146, 2.84809590087765e-306,  0), y = c(NaN, -5.48746345455267e+303, NaN, 5.48611622079704e+303,  6.08468112466627e-92, 9.73041597848758e-72, -9.80559808790671e-309,  2.81724197605566e+209, 1.36845553155726e-48, NaN, 7.29112028117465e-304,  -5.48612406879399e+303, 8.06559988768169e-308, 6.08468101032297e-92,  9.73041429186794e-72, 6.08465185495559e-92, 9.73041597848758e-72,  NaN, NaN, NaN, NaN, NaN, NaN, NA, NaN, NaN, -5.4861267052189e+303,  6.08467906733369e-92, NaN, 3.14937205285044e-319, 0, 3.79837246582784e-312,  1.08646184497422e-311, -1.65415927671432e-24, 1.01854281133781e-71,  6.08467820083729e-92, 6.75724330684027e-307, 4.98077894075148e-71,  3.79212874880225e+146, -5.48612668478166e+303, 6.08467906733369e-92,  3.87094914131351e+146, NaN, NaN, -3.23597469046004e-93, 1.14439567659649e-72,  3.79212874880225e+146, NaN, 1.44295713679908e-312, NaN, 2.9360490575559e-306,  -1.53632900827105e+305, -1.07575623632354e-204, NaN, NaN, NaN,  NaN, -1.11235478752763e-308, NaN, 35740566677440425984, 2.00539877157926e-52,  NaN, NaN, 3.02610043880218e-306, NaN, 3.64749834167446e-310,  NaN, NaN, -1.07567531394288e-204, -3.70313374642247e+304, -5.66961991771508e+303,  -5.48612668885301e+303, 5.36695816367522e+145, 3.79212874880499e+146,  3.79212874880738e+146, 9.73080610298132e-72, -5.48647535083406e+303,  1.15433549028587e-72, 3.79212874880225e+146, -5.01175807010563e-304,  1.33387214147145e+58, 8.30987219469184e-246, 8.30987219517939e-246,  8.30987219517939e-246, 6.95612522038101e-310, -8.06559990102162e-308,  6.08465185275927e-92, 9.73041597848758e-72, 9.73219500208909e-72,  -5.53883388827818e+304, 7.00747250931263e-310, NaN, NaN, -Inf,  0))
result <- do.call(remote:::corC,testlist)
str(result)