testlist <- list(x = c(-2.38318614443347e+260, -3.23584735591394e-93, -1.11235478752763e-308,  NaN, NaN, NaN, NaN, NaN, NaN, NaN, NaN, NaN, 3.79199537332007e+146,  -3.70313374640996e+304, 9.73110518534796e-72, -9.91484614213072e-268,  1.12414725736047e+79, 2.80241425175224e+199, 2.14897428622384e+233,  9.26369960060405e+25, 8.90389806611905e+252, NaN, -5.48612668478166e+303,  7.00752970049203e-310, 8.30987219517939e-246, 8.30987219517939e-246,  8.30987219517939e-246, 8.30987219517939e-246, 6.87376518217645e-270,  5.48772503648853e+303, 7.2911220195564e-304, 1.2302234581447e-321,  NaN, -5.4874582238547e+303, -1.11199370412697e-308, NaN, -3.23597469041949e-93,  NaN, NaN, -1.07567563004113e-204, NaN, NaN, 5.48611622079704e+303,  6.08468112466627e-92, NaN, 7.23113375552099e-68, 7.06392129578528e-304,  -1.89599697761488e+307, 6.98019822567563e-310, 7.19641035325423e-304,  NaN, 2.81700905513231e+209, -7.29023344885431e-304, NaN, 7.28221824749751e-304,  NaN, NaN, 6.08468112463496e-92, NaN, NaN, 2.44448195553463e-310,  -3.03759119752265e+73, -4.71649208372807e+304, 2.73737457034026e-312,  4.64775945105517e-281, -5.48612668877725e+303, 5.36695816367522e+145,  3.79212874880499e+146, 3.79212874880738e+146, 9.73080610298132e-72,  1.59279699080482e-317, 0, 8.06559973582377e-308, NaN, 7.18658868807306e-68,  9.73041595136674e-72, 9.73041595136716e-72, 6.49869973598111e-275,  -5.48612668881341e+303, 5.36695816367522e+145, 3.79212874880499e+146,  3.79212874880738e+146, 9.73080610298132e-72, 1.59279699080482e-317,  -3.78591604747865e-29, 2.75909156861325e-306, -1.89600340666652e+307,  -6.24349700723321e+144, -5.55540605346531e+303, 6.95346107871975e-310 ), y = c(7.17586319373877e-304, NaN, -1.27720806360944e+294,  5.42157458642959e-312, 0, 9.56345469529114e-308, 0, 0, 3.23785921002061e-319,  0, 0, 8.06559973582377e-308, NaN, 7.18658868807306e-68, 9.73041595136674e-72,  9.73041595136716e-72, 6.49869973598111e-275, NaN, 8.06559973582399e-308,  -4.71591527801047e+304, -5.53567993169512e+303, 1.21046083231105e-321,  0, 0, 0, -1.61074037247892e-24, -9.56520159519263e-308, -1.89599375890345e+307,  9.72999111967446e-72, NaN, 9.7304228943013e-72, NaN, NaN, NaN,  NaN, NaN, NA, NaN, NaN, NaN, NaN, NaN, 7.41841230137484e-68,  2.71615477457307e-312, 9.73041432559757e-72, NaN, NaN, -1.61174990181851e-24,  -6.84640721992228e-310, 1.68021412502251e-59, 2.81700905511843e+209,  2.81700905511843e+209, 1.3252899969593e-105, 1.92755719946961e+31,  7.86451834647937e+199, 1.12414666149613e+79, 5.36938359308786e+169,  3.0261004475697e-306, NA, 8.29529173543841e-246, 8.30987219517939e-246,  8.30987219517939e-246, 8.30987219517939e-246, 8.30987219517939e-246,  5.95436681250456e-92, NaN, 3.14937205285044e-319, 2.2250738585072e-308,  3.79837246582784e-312, NaN, NaN, NaN, 8.06251844203682e-317,  NaN, 1.19540542945141e+103, NaN, NaN, NaN, 0))
result <- do.call(remote:::corC,testlist)
str(result)