testlist <- list(x = c(-1.54947393917855e+231, -1.54947393917855e+231, -1.54947393917855e+231,  NA, -1.54947393917855e+231, -1.54947393917855e+231, -1.54947393917855e+231,  -1.65419808477972e-24, NaN, NaN, NaN, NaN, NaN, NaN, NaN, 8.58133400285128e-246,  3.79212874644319e+146, 3.79199537332e+146, -4.71591527795917e+304,  NaN, -2.71389477266835e-306, 1.33387214147145e+58, 1.6622691328361e-309,  5.46211478454128e-304, NA, 1.04441980336572e-314, NaN, -9.18679190138104e+306,  NaN, 4.24399158193054e-314, NaN, NaN, 2.87894514490506e-306,  -1.89573074330712e+307, 9.67139917824893e+25, 2.79418945783688e+232,  1.70176739763611e+214, 2.13553334696179e+233, 2.7202321109738e-312,  1.31135390768075e+222, 1.12408812087022e+79, 3.68701941301911e+228,  8.30987219517963e-246, 2.00907880233665e+301, 7.28221824744457e-304,  6.56083608528345e-303, -8.25589183052619e+269, 0, 0, NaN, -1.42806234662016e-105,  NaN, 1.08646184510021e-311, NaN, NaN, -7.89009468932259e-308,  -1.60277011703762e-24, 2.7202321109738e-312, 2.44448195553463e-310,  1.00797316970836e-71, 1.55459938885503e+160, -5.48612669319909e+303,  6.21587727721814e-246, 1.65498425255725e+117, 1.23489508329843e+171,  NaN, NaN, 8.30987221132673e-246, 8.30987219517939e-246, 8.30987210993149e-246,  8.34674511472289e-246, 7.16569432813255e-246, -1.23569204615211e+39,  7.56714523577085e-311, 8.3098370721752e-246, 8.30987219517939e-246,  0), y = c(-5.82900512128018e+303, NaN, 9.73041595139006e-72,  1.01854367406929e-71, NaN, NaN, NaN, 7.06372294789486e-304, 9.73080295318204e-72,  -2.38318614444473e+260, 7.28221824744457e-304, 8.30987207036756e-246,  8.30987219517939e-246, 8.30987219517939e-246, 8.30987219517939e-246,  -3.18154520682906e+305, NaN, 8.3108191108689e-246, 3.81512381134243e-236,  NaN, 8.30987219517729e-246, 9.7322019787581e-72, NaN, -6.9244653803922e+274,  2.07604708417458e+301, -1.00456817445432e-202, NaN, 2.84809453888938e-306,  -1.53632900827105e+305, 8.30987219517748e-246, 8.30987219517939e-246,  8.30987219517939e-246, 6.87964986137084e-246, 8.30987219517939e-246,  8.30987219517942e-246, 8.30987219517834e-246, -1.89573017197985e+307,  2.70891060022432e+45, 3.79212874880738e+146, 1.90181818545721e+145,  9.73041595731998e-72, 8.30987219517942e-246, 8.30428538918795e-246,  1.61992864616129e-59, -6.89903270585992e-310, 8.63480348398601e+298,  1.61992864597223e-59, 2.14301925801933e+301, 1.25986739689518e-321,  -3.70313374640381e+304, 7.1758597170072e-304, 0, 9.72999111960849e-72,  2.42092166462211e-322, 0, 2.12196341187911e-314, 0, 0, -1.89326034463209e+307,  -5.50085992813036e+303, 6.96290456547811e-310, 9.73041595136716e-72,  9.7304159785129e-72, -6.73005527725911e-315, 9.45873679566519e-308,  9.73041595143725e-72, 9.7304228943013e-72, 1.76061065161344e-130,  NaN, -5.4861266848211e+303, NaN, NaN, 1.44295713785144e-312,  7.18658753874647e-68))
result <- do.call(remote:::corC,testlist)
str(result)