testlist <- list(x = c(NaN, NaN, NaN, -1.00876106314943e+307, 1.29176475021928e+31,  5.42577630289705e-109, 2.46003930924697e+198, 5.36937082441539e+169,  6.96742180489936e+252, NaN, NaN, NaN, 2.31633015294839e-106,  NaN, 3.02610044756979e-306, NaN, NaN, NaN, -1.65436122510606e-24,  -5.48612668479553e+303, NaN, NaN, 8.30987219517939e-246, NaN,  9.62204763974535e-72, -1.61801080538925e-24, 3.77009287526242e+146,  6.97338079086e-310, 7.28221824744457e-304, 9.456945848961e-308,  -5.66877427927406e+303, 1.42873423645201e-101, 2.93640215752439e-306,  NaN, 7.06481462475669e-304, -5.48612787366371e+303, NaN, 5.48611622079704e+303,  6.08468112466627e-92, 7.18658759668769e-68, 9.73219500208909e-72,  NaN, 2.81700905513231e+209, 7.4175082177771e-68, 1.60278897442632e-317,  0, 0, Inf, 6.96379502920312e-310, -8.06559990102162e-308, 9.73041594488432e-72,  8.06559973583622e-308, 9.73041595147268e-72, NaN, NaN, NaN, NaN,  NaN, NaN, 3.74648596611486e-270, NaN, NaN, -7.2911220195564e-304,  8.30987633735784e-246, -1.02064076299236e-202, -3.78925513720978e+306,  -9.87501635876109e+304, -2.38318614444478e+260, NaN, NaN, 1.42873355795401e-101,  4.36116648838817e-306, NaN, -7.21700967667841e-304, NaN, NaN,  NaN, NaN, NaN, -3.70313374643574e+304, 2.15069497417506e-105,  5.30498947740824e-312, 0), y = c(NaN, 8.30984024335263e-246,  8.30987219517939e-246, 8.30987219517939e-246, 8.30987219517939e-246,  8.30987219517808e-246, 8.30987275781549e-246, 8.30985473641066e-246,  3.65880478856703e-236, -2.38318620596563e+260, 8.30987219464345e-246,  6.08465185695845e-92, -2.38318614442688e+260, 2.71988459588516e-312,  -5.486359502185e+303, 9.73041595136674e-72, 9.73041595147278e-72,  4.77830791278646e-299, -2.38318614444471e+260, -1.89600447817274e+307,  1945555035450450944, -7.34356227946937e+211, -3.78652252659447e-29,  2.75909156861325e-306, 3.02609773141526e-306, -3.78652030801685e-29,  2.71424242365272e-306, 4.77830971936524e-299, 1.42873421533894e-101,  7.00767889036994e-310, 7.29083251821682e-304, -6.51477062987939e+303,  1.63155298226155e-319, 0, -1.89600341052379e+307, 8589934592,  1.67997198804499e-59, -1.40461656607262e+306, 2.53381218325814e+208,  2.92278721429636e-306, NaN, 9.40044135397122e-312, NaN, NaN,  -7.36418625315006e+211, NaN, 1.74620922332219e-77, NaN, -1.07567531393806e-204,  8589062144, -9.71048927522645e-268, NaN, 2.8569103789103e-100,  -3.15248043726504e+285, -3.70267542316793e+304, -7.29023290984512e-304,  -1.89599375890345e+307, -1.1371713938747e-24, 9.7321933426132e-72,  7.23113375553131e-68, 9.73041595136674e-72, -3.7859208623034e-29,  2.75909156861325e-306, 3.02608143448759e-306, -1.53632900827105e+305,  8.30987219517748e-246, 8.30987219517939e-246, 8.30987219517939e-246,  6.87964986137084e-246, 8.30987219517939e-246, 8.30987219517942e-246,  8.30987219517834e-246, -1.31300036889095e+222, 1.42902270105212e-284,  1.13362319905593e+145, NaN, NaN))
result <- do.call(remote:::corC,testlist)
str(result)