testlist <- list(x = c(-1.36055876956351e+306, 2.06400484714817e-314, 9.73041597848758e-72,  9.73219500208909e-72, -5.5520113431493e+303, 2.67286997245307e-306,  -1.65436122510603e-24, 2.81700905511841e+209, -1.65436076725737e-24,  -Inf, 0, 0, 0, -5.48635950218811e+303, 2.44448195404216e-310,  -5.48612668870894e+303, 6.96290456547811e-310, 9.73041595136664e-72,  NaN, 9.73041595136674e-72, 2.70569198486834e-305, -1.89326034463213e+307,  -5.80211405804995e+303, 3.02610044756979e-306, NaN, 1.01854281104598e-71,  7.19591564629993e+299, 2.07578654319309e+301, -3.21804657304289e+163,  -3.21804657303796e+163, 3.77058958642974e+146, NaN, 1.42873423909245e-101,  NaN, NaN, NaN, NaN, NaN, NaN, NaN, NaN, NaN, NaN, NaN, NaN, 2.07578654319309e+301,  8.30987219524259e-246, 8.30987219517939e-246, 6.87964986137084e-246,  -1.36055956954468e+306, 2.06400484714817e-314, 0, 2.70568981194476e-305,  4.77830972715368e-299, NaN, NaN, NaN, 3.18986588355592e-304,  2.84858073060619e-306, NaN, 8.06559973582382e-308, 9.73041595147268e-72,  NaN, 1.39067109259954e-309, NaN, -3.70313374643574e+304, 9.73041597848758e-72,  -9.80559808790671e-309, -6.14445895699794e+305, -9.87502332382864e+304,  -1.9227946544004e+290, NaN, 0), y = c(-5.4111197862276e+304,  NaN, NaN, NaN, 1.01372140349863e-71, -2.38318614444444e+260,  -7.29112201955619e-304, NaN, 7.18658753874647e-68, 9.73041595136674e-72,  6.08467906733369e-92, NaN, 3.14937205285044e-319, 0, 3.79837246582784e-312,  1.08646184497422e-311, -1.65415927671432e-24, 1.01854281133781e-71,  -7.34355858287588e+211, NaN, NaN, 7.00767890008367e-310, 9.73041596161955e-72,  9.73042290078363e-72, NaN, 2.73729394894532e-312, NaN, NaN, -7.34364284064207e+211,  5.0062457562492e-312, -7.2911220195564e-304, 1.33387214147145e+58,  9.72999974657578e-72, -6.75724390599207e-307, 3.87094914132226e+146,  -3.90266541371583e+304, 2.15069497417506e-105, NaN, -3.70313374643574e+304,  7.11402216955464e-102, NaN, 9.73042289443298e-72, -1.89577240082843e+307,  2.88230177946828e-306, 6.08468101032297e-92, 9.73041429186794e-72,  6.08465185495559e-92, 9.73041597848758e-72, NaN, NaN, NaN, NaN,  NaN, NaN, NaN, NaN, NaN, NaN, NaN, 1.018763896368e-71, 8.29529171843579e-246,  6.87376517264586e-270, 8.30987219517939e-246, 8.30987219518797e-246,  8.30987219491299e-246, 8.88419903937062e-246, 7.28221824744735e-304,  8.30987219517938e-246, -5.82900680787462e+303, 9.73041595136674e-72,  -3.23597286758348e-93, -1.00876106106482e+307, -2.38333746550415e+260,  NaN, -1.07567531517284e-204))
result <- do.call(remote:::corC,testlist)
str(result)