testlist <- list(x = c(8.30987219517808e-246, 8.30987275781549e-246, 8.30985473641066e-246,  3.65880478856703e-236, -2.38318620596563e+260, 2.11780257233192e-314,  0, 2.67227007454578e-310, 0, -5.48612406879369e+303, 1.25986739689518e-321,  0, 0, 2.44448192438246e-310, -1.65234095246022e-24, 1.01854281214206e-71,  -4.71591527795912e+304, 9.73041595136674e-72, -7.88898212034534e+303,  -2.21542701235897e+130, 2.44448192438246e-310, NaN, -2.38322954373238e+260,  0, 0, NaN, 0, -1.89577303231588e+307, 2.88230177946828e-306,  6.08468101032297e-92, 9.73041429186794e-72, 6.08465185495559e-92,  9.73041597848758e-72, NaN, 4.52422053761838e-87, NaN, NaN, NaN,  NaN, NaN, NaN, NaN, -1.40444776161118e+306, 2.06400484714817e-314,  4.09173630877733e+149, 1.41850500337974e+103, -2.34074626935197e+305,  NaN, NaN, 6.98350748929955e-251, -1.42858912783146e-101, NaN,  NaN, -1.27720806360944e+294, NaN, 4.36116648835352e-306, NaN,  NaN, NaN, NaN, NaN, 6.9533931076695e-310, 1.42892872559764e-284,  Inf, 8.30987219524259e-246, 8.30987219517939e-246, 8.06559989001628e-308,  1.28434424640527e+58, 9.81179442620332e-72, Inf, -2.38318614442688e+260,  8.06559989001323e-308, -2.29955764171419e-268, NaN, 5.48611622079704e+303,  2.77976979239917e-244, 6.95612522038101e-310, NA, NaN, NaN, NaN,  1.018763896368e-71, -5.48612668478166e+303, -4.71591527488123e+304,  NaN, 0), y = c(NaN, 3.14937205285044e-319, 3.79243671539387e+146,  NaN, NaN, NaN, NaN, -5.50219669790148e+303, 3.74648596024776e-270,  NaN, NaN, NaN, 2.31633015294839e-106, NaN, 3.02610044756979e-306,  NaN, NaN, NaN, -1.65436122510606e-24, -5.48612668479553e+303,  NaN, NaN, 8.30987219517939e-246, 8.30987219517939e-246, 9.62204763974535e-72,  -1.61801080538925e-24, 5.3669597612069e+145, 6.97338079086e-310,  7.28221824744457e-304, 9.456945848961e-308, -5.66877427927406e+303,  -Inf, -Inf, 8.31022712171971e-246, -5.48612668582341e+303, NaN,  5.48611622079704e+303, 6.08468112466627e-92, 9.73041597848758e-72,  -9.80559808790671e-309, 2.81724197605566e+209, -1.61265967106134e-24,  3.74610001929789e-270, -4.7783097178569e-299, -2.04220038872469e-301,  -2.04220928902012e-301, 1.35355745518301e-309, NaN, 1.19453055931664e+103,  NaN, NaN, NaN, NaN, -3.70313373826227e+304, -5.66895038836758e+303,  1.42873423910284e-101, -3.70313374618027e+304, NaN, -1.11235478578789e-308,  NaN, NaN, NaN, NaN, NaN, -2.44448195677414e-310, -1.00876106105665e+307,  -7.29112201950438e-304, 8.30987633735784e-246, 8.30987219517939e-246,  -1.89581166125173e+307, 3.79204267117634e+146, 1.85495612382695e+106,  3.79212874749394e+146, 2.7161547747954e-312, -1.89581161081075e+307,  4.08674151255564e+149, -5.82900680269842e+303, NaN, 3.87096819862669e+146,  0))
result <- do.call(remote:::corC,testlist)
str(result)