testlist <- list(x = c(-6.88780618259754e+305, NaN, 2.68909833719594e-310,  NaN, NaN, 3.13138872263546e-294, NaN, NaN, -2.88007073358955e+304,  -5.57684129408641e+303, -7.3435622782401e+211, -5.80211405805021e+303,  -5.48612670514125e+303, -1.89326034821273e+307, 2955339079090176,  1.78812707215003e-130, 7.96512871599424e-317, 0, 0, 2.71615461243555e-312,  -1.89600447817446e+307, 9.7304228943013e-72, NaN, 1.1319604253551e-72,  -2.39795857995545e+260, -3.23597286758348e-93, 7.17630820843049e-304,  NaN, NA, NA, 1.76692744071203e-284, 1.76692744071203e-284, 1.76692744071203e-284,  2.71657069004152e-312, -1.89581161081075e+307, NaN, 8.06251844203682e-317,  0, 9.72383351251926e-310, 2.781342323134e-309, NaN, 7.1865878447512e-68,  NaN, -2.72023243454234e-312, 1.2026965782291e-72, NaN, 1.390671161567e-309,  -9.18679190140443e+306, NaN, -7.92334482846293e+269, 3.7700928790078e+146,  -5.66895215351541e+303, 1.32515051111225e-105, 1.92755719946961e+31,  NaN, 7.22733651934064e-68, -7.35724094540915e+274, 0, -5.48612669340353e+303,  6.08467906733369e-92, 3.79212841256663e+146, 3.79212874880738e+146,  3.7579846240383e+146, 2955339079090176, 8.30987219517939e-246,  Inf, 8.30987219517939e-246, 8.30987219517939e-246, -9.95438324317167e+303,  NaN, 8.06251844203682e-317, 1.28822975391943e-231, 0), y = c(NaN,  NaN, NaN, Inf, NaN, NaN, -1.65436057322696e-24, 8.06559989007766e-308,  -5.48612668870869e+303, NaN, NaN, -1.53632900828381e+305, 5.48772503648875e+303,  5.28385240995917e-312, 0, -4.86173068582902e-63, 0, NaN, -3.70313373826227e+304,  2.20668768706068e-106, 1.92755719946961e+31, 7.86451834647937e+199,  1.12414666149613e+79, NaN, -5.50219669790148e+303, NaN, 8.29529173543867e-246,  8.30987219517939e-246, 8.30987219517939e-246, NaN, NaN, NaN,  -1.11235655958443e-308, NaN, -3.23597469041949e-93, -3.70313199864582e+304,  NaN, -5.50219669790148e+303, NaN, 1.33387214147152e+58, NaN,  NaN, NaN, NaN, NA, NaN, -3.70313374643574e+304, 2.15069497417506e-105,  -1.53632904098367e+305, 1.69774134291454e+146, 2.91362277016338e-306,  3.79243664096558e+146, 1.26442401909099e-307, -4.86173068582902e-63,  0, 9.88131291682493e-324, 2.9430079305321e-306, -1.53632900827105e+305,  NaN, -5.82900682303404e+303, 1.20270737759411e-72, 3.50856163053887e-273,  NaN, NaN, -1.02911671482702e+270, -3.6944905227098e+304, NaN,  -5.14052554711035e+198, 4.72915975722061e-45, -5.66895038836732e+303,  -7.2911220195564e-304, 7.58350366134196e-308, NaN, -7.34364284064207e+211,  -7.34356227824008e+211, 2.84809590753521e-306, -8.42668656914186e+307,  6.08576708267566e+250, -5.48612670521865e+303, 6.08467906733369e-92,  3.79212860608018e+146, -5.48612669231529e+303, NaN, 2.93605177366956e-306,  3.78372712606141e-270, NaN, -7.29023199003952e-304, 3.78345635041681e-270,  0))
result <- do.call(remote:::corC,testlist)
str(result)