testlist <- list(x = c(NaN, NaN, 9.62197855039676e-72, 3.79212859250796e+146,  3.79212874880738e+146, 4.01100665731571e+149, NaN, 3.44951518585432e-33,  NaN, -3.70313374643574e+304, NaN, NaN, -9.7104892450464e-268,  NaN, NaN, NaN, NaN, NaN, 2.84821676298706e-306, 7.21700967662554e-304,  -5.30145082220132e+291, 8.30987221135977e-246, 8.30987219517939e-246,  6.08467906787175e-92, NA, 4.98077894075148e-71, 3.79212874880225e+146,  -5.48612668478166e+303, 6.08467906733369e-92, 3.87094914131351e+146,  NaN, NaN, 3.79243671540824e+146, 2.85716934991999e-306, 1.94693954327096e-308,  -1.27720806360944e+294, NaN, 1.01854281104598e-71, 3.93417988360066e-245,  NaN, -7.29023344885431e-304, 8.40073338950341e-246, 2.71723641421108e-312,  NaN, NaN, -1.89600447816683e+307, 9.73220120285291e-72, 8.35025495714768e-246,  1.68324268753418e+212, 3.0789281277569e-70, NaN, NaN, NaN, 1.018763896368e-71,  -5.48612668478166e+303, 9.73041429199944e-72, NaN, NaN, 5.36184573783418e+145,  2.93725602755583e-306, NaN, 3.08044165563466e+227, 7.32823854588706e+223,  -9.73065952611176e-72, 3.11779746759249e-109, 3.07839225764688e+169,  -6.30472135441378e+303, NaN, 2955339079090176, 3.44951813610541e-33,  NaN, -3.23597469041949e-93, -1.5909752808342e+305, 5.48772503648875e+303,  7.28221824744457e-304, -2.66133910471558e-110, 3.79212874880737e+146,  0), y = c(Inf, NaN, 2955339079090176, 3.44951813610541e-33, 2.49098672713488e-69,  3.22369733851121e-115, 3.62473289149921e+228, NaN, NaN, Inf,  NaN, 3.67349302355628e-270, 5.48611621061962e+303, -1.65415927672034e-24,  NaN, 2.00907965980125e+301, 2.09710164913796e-314, 9.72383351251926e-310,  -Inf, 2.75909022647162e-306, 2.22507385848135e-307, -5.79418279327991e+303,  NaN, 5.31468269679315e+303, NaN, NaN, 5.36695816425669e+145,  2.91371240326559e-306, 3.79243664096564e+146, NaN, -1.42806234661382e-105,  NaN, NaN, NaN, NaN, 1.61992864668946e-59, -6.89903270585992e-310,  8.63480348398601e+298, 1.61992864597223e-59, 2.14301925801933e+301,  1.25986739689518e-321, -3.70313374640381e+304, 7.1758597170072e-304,  0, 9.72999111960849e-72, 2.42092166462211e-322, 0, 2.12196341187911e-314,  0, 0, -1.89326034463209e+307, -5.50085992813036e+303, 6.96290456547811e-310,  9.73041595136716e-72, -6.75709053381551e-307, -1.60277011703762e-24,  4.27145259271891e+96, 7.28725408151823e-68, NaN, NaN, NaN, -1.11235655958443e-308,  2.73737424722627e-312, 4.64775945105517e-281, 8.30987219517939e-246,  6.95612522038101e-310, -1.61801130333396e-24, 8.30987219517938e-246,  8.30987219517939e-246, 8.30987219517939e-246, 8.30428538918795e-246,  7.30183567378584e-87, 8.30987219517939e-246, 8.30987219517938e-246,  1.40835642170954e-241, 6.0080509926318e-246, NaN, NaN, NaN, -1.65416006557131e-24,  1.24486441507982e-243, 2.7327369303404e-312, -1.89581161081075e+307,  NaN, 8.06251844203682e-317, 5.43230922486616e-312, 0, 0))
result <- do.call(remote:::corC,testlist)
str(result)