testlist <- list(x = c(2.84843949052451e-306, 3.02591303286009e-306, -1.53632900827105e+305,  5.48772503648875e+303, 5.28385240995917e-312, 0, -4.86173068582902e-63,  0, 9.88131291682493e-324, 3.64749834167446e-310, 2.20652383911989e-106,  NaN, NaN, 2.73737457034026e-312, NaN, NaN, NaN, -1.65436122510606e-24,  -5.48612668479553e+303, NaN, NaN, 8.30987219517939e-246, 8.30987219517939e-246,  -4.66339380519e+304, NaN, NaN, -2.7142424352159e-306, -1.09629334532546e-204,  NaN, -5.66877427927406e+303, 1.42873423645201e-101, -1.33844283137785e+306,  8.31022712171971e-246, -5.48612668582341e+303, NaN, 5.48611622079704e+303,  6.08468112466627e-92, 9.73041597848758e-72, -9.80559808790671e-309,  NaN, NaN, 7.18749248432416e-68, -5.48612507415121e+303, 2.73737457034026e-312,  1.42873423909761e-101, 3.02561155034791e-306, 8.30987219517937e-246,  8.30987219517939e-246, 8.30987594608673e-246, 8.30987219517939e-246,  8.30987219517939e-246, 1.66226913261606e-309, 1.35266621695018e-309,  0, 5.18065378653631e-318, NaN, 2.81700905511848e+209, 3.0789281277569e-70,  NaN, -5.82895448289999e+303, NaN, NaN, NaN, NaN, 7.29112197881391e-304,  3.870968194949e+146, 1.19540542945141e+103, NaN, NaN, -5.4861267052189e+303,  NaN, -6.51477233142704e+303, NaN, -3.70313374643574e+304, NaN,  NaN, NaN), y = c(NaN, NaN, -1.94906280228e+289, NaN, -5.4861266848211e+303,  NaN, NaN, 5.42157491022539e-312, -5.66895038836758e+303, 1.42873423910284e-101,  4.57671146818735e-246, 2.7694125460102e-313, 3.87096819861375e+146,  -1.81496220615493e-308, 2.99937931998112e-241, NaN, NaN, 7.18658753874647e-68,  9.73219500208909e-72, NaN, 2.81700905513231e+209, -7.29023344885431e-304,  8589934592, 1.67997198804499e-59, -1.40461656607262e+306, 2.53381218325814e+208,  2.73737457034026e-312, 1.42873423909761e-101, NaN, -4.71591527795932e+304,  9.73041595136674e-72, 6.96417798379114e-310, 9.62197855039676e-72,  3.79212859250796e+146, 3.79212874880738e+146, 6.87521360282337e-71,  1.04385549811154e-312, NaN, 3.14937205285044e-319, 3.79243671539387e+146,  1.19453394674075e+103, NaN, NaN, NaN, -5.50219669790148e+303,  7.28221824744457e-304, 9.62386752488077e-72, 3.79212874880736e+146,  4.08674151484807e+149, 1.53044314502867e-94, 1.68013505587499e-59,  -5.69038056051104e+303, 1.42873423910284e-101, -7.27742855720597e+230,  -2.15255522515483e+260, 9.73042289443298e-72, -5.4861266847955e+303,  NaN, NaN, -Inf, 8.30987219517939e-246, 9.62204763974535e-72,  -1.61801080538925e-24, 3.77009287526242e+146, 6.97338079086e-310,  NA, 9.456945848961e-308, -5.66877427927406e+303, NaN, Inf, NaN,  -2.7142424352159e-306, -1.09629334532546e-204, NaN, 6.08468112466627e-92,  NaN, -1.07567531517284e-204, 1.42873423799661e-101, 9.5268205139172e+139,  NaN, -1.02357675147149e-267, 2.73737456908039e-312, 4.64775945105517e-281,  8.30987219517939e-246, 8.30987219517939e-246, 8.30987219517939e-246,  8.30985037171848e-246, 3.43836666477644e-245, 4.50479074354519e-265,  8.30987219517939e-246, 1.93718918035744e-308, 0))
result <- do.call(remote:::corC,testlist)
str(result)