testlist <- list(x = c(1.19650677662943e+103, 1.19453052921364e+103, NaN,  NaN, NaN, NaN, -9.71048927522599e-268, NaN, NaN, 5.48611622079704e+303,  -1.41726193274669e-105, NaN, 7.00767890008367e-310, NaN, NaN,  NaN, -1.8960044781751e+307, NaN, NaN, 2.99939360825926e-241,  8.30987219517939e-246, 2.27944949292865e+58, 9.72999263764947e-72,  -1.89581160816873e+307, 3.77009287775766e+146, -2.72397687142787e-312,  1.33387214147145e+58, -5.55175489064554e+303, NaN, -3.70313374640393e+304,  NaN, 1.81496288020069e-308, 3.29359849593634e-294, 9.73041595136715e-72,  5.48611622079692e+303, 6.08468112466627e-92, 9.73041597848758e-72,  -9.80559808790671e-309, 2.79878141609844e+209, 8.19476237267817e-96,  -1.89326034463213e+307, 9.7304228943013e-72, 3.91159613904083e-69,  2.00907880290019e+301, NaN, NaN, NaN, NaN, NaN, -5.48612545853721e+303,  -1.42806234662016e-105, NaN, 1.08646184510021e-311, NaN, NaN),      y = c(4.27145259271891e+96, 7.28725408151823e-68, 1.34140986504445e+199,      1.55459938661268e+160, -5.48612669319909e+303, 6.21587727721814e-246,      1.65498425255725e+117, 1.23489508329843e+171, 8.30987219524244e-246,      NaN, 8.30987221132673e-246, 8.30987219517939e-246, 8.30987210993149e-246,      8.34674511472289e-246, 7.16569432813255e-246, -1.23569204615211e+39,      7.56714523577085e-311, 8.3098370721752e-246, 5.36695840382652e+145,      3.87065762334345e+146, -5.48612668478166e+303, 0, 0, 0, NaN,      -5.48635950218785e+303, -2.38318614443032e+260, 2.71988459588516e-312,      -4.71591527795912e+304, 7.18658753874646e-68, 9.73041595136674e-72,      NaN, 1.42873423688862e-101, NaN, NaN, NaN, NaN, NaN, -4.73396566724695e+96,      9.73041597835735e-72, 5.69707910729515e-304, -5.48612406879369e+303,      1.19453824887817e+103, 1.1945305291617e+103, NaN, NaN, NaN,      1.42873355795401e-101, 4.36116648838817e-306, NaN, 1.42873421781301e-101,      -1.33844283137785e+306, 3.74609966156997e-270, NaN, -5.4861267052189e+303,      NaN, NaN, NaN, 8.06559990166945e-308, -3.23597286758348e-93,      NaN, 8.31093259286469e-246, 8.30987219517939e-246, -1.61802081000168e-24,      3.77009287526242e+146, 8.06559989001307e-308, 3.79212841256667e+146,      6.95335622348087e-310, -1.61801130333396e-24, NaN, 7.29111855011283e-304,      -1.27720806360944e+294, 4.0917372728618e+149, 8.30987219520054e-246,      NaN, -3.70313374640381e+304, NaN, -5.48635950218811e+303,      1.01858529362882e-71, -5.66895036899863e+303, -5.63000036182064e+303,      NaN, -7.06416335512406e-304, NaN, NaN))
result <- do.call(remote:::corC,testlist)
str(result)