testlist <- list(x = c(-3.70313374643574e+304, -2.93789960575136e+47, -2.94449594579902e+47,  -2.94449594579902e+47, NaN, -2.94449594724022e+47, -2.94449594579902e+47,  -6.18148717597232e-93, -2.94449594579902e+47, -2.94449594579902e+47,  3.20961164448744e-59, NaN, -6.75724390599217e-307, NaN, NaN,  NaN, 3.79212804649601e+146, 2.72397687142787e-312, -1.85166799265645e+307,  -9.18680797401014e+306, NaN, 2.73737457034026e-312, 2.63214309773872e-52,  NaN, NaN, 1.74620922332219e-77, 3.79212874880525e+146, NaN, -1.00876091742558e+307,  -9.710489245076e-268, NaN, 2.8569103789103e-100, 1.17929086253537e-307,  -1.23745249771052e+294, NaN, NaN, -1.36038732768881e+306, NaN,  -1.12905530914447e-206, NaN, 7.28221824746125e-304, 6.56083608528345e-303,  5.69707910729511e-304, 0, 0, 6.95335638742154e-310, -1.61801130333396e-24,  8.30987219517938e-246, 8.30987219517939e-246, 8.30987219517939e-246,  -1.40720830394286e+306, Inf, NaN, 2.0760479144483e+301, 6.08468112466496e-92,  9.73041597848758e-72, -9.80559808790671e-309, NaN, Inf, NaN,  NaN, 5.48612406879369e+303, 2.81724197301782e+209, 1.22021305244567e-306,  NaN, NaN, NaN, NaN, 7.29067177613406e-304, 0, 1.483739244464e-314,  NaN, -1.89600340666649e+307, 1.01876303275461e-71, 2.73729174273471e-312,  -1.13717206871406e-24, 9.7321933426132e-72, -1.89600447816189e+307,  2.03907296908089e-314, 7.28221824744457e-304, -2.66133910471558e-110,  3.79212874880737e+146, 4.08674151109689e+149, -1.6375450763513e-24,  4.36116648835356e-306, NaN, 7.5834994339286e-308, NaN, 9.73041595136674e-72,  NaN, NaN, 7.28222171483853e-304, 0), y = c(3.79212860956889e+146,  -5.48612669231529e+303, -1.64029928141297e-24, 3.74610004045251e-270,  NaN, -5.4861267052189e+303, 5.15914223892391e-62, -5.6575680414924e+303,  -5.48612545853721e+303, NaN, -7.92334482846293e+269, NaN, NaN,  -1.89581267677296e+307, 3.79204267117634e+146, 2.67026296472841e-306,  5.03465493565698e-151, -1.65436057323211e-24, 3.74610001929789e-270,  NaN, NaN, -6.75709052315951e-307, NaN, 3.09829366178658e+227,  1.34140986504445e+199, 7.3564874392291e+223, 4.87620583420803e-153,  3.63372088255387e+228, 7.00767890008367e-310, 7.28221824744457e-304,  8.30981524025852e-246, 8.30987219517939e-246, 8.30987219517939e-246,  8.30987219517939e-246, 8.30987219517939e-246, -3.97693146766152e+304,  7.29112026763692e-304, 8.34402696940225e-308, 8.69169475979376e-311,  1.483739244464e-314, NaN, NaN, NaN, -2.44448195677414e-310, -1.00876106105665e+307,  -7.2911220195564e-304, -2.97439258164523e+284, NaN, NaN, NaN,  NaN, NaN, NaN, -1.65436057322696e-24, 8.06559989007766e-308,  3.79212874749394e+146, -2.38333394867104e+260, 7.26644546859808e+223,  -1.00876106314268e+307, -9.71048924507435e-268, NaN, -7.29109409744284e-304,  6.43916827653293e+144, 4.27197203904868e+96, 4.26213264910043e+180,  3.68415141070716e+180, 3.1177974675925e-109, 3.62473289151349e+228,  NaN, 2.8480959075765e-306, -1.53632900827105e+305, 8.30987219431032e-246,  8.30987219517939e-246, 8.30987219517939e-246, 8.30987219517939e-246,  8.30987219517939e-246, 6.56083607051727e-303, 5.69707910729511e-304,  0, 1.3262473693533e-315, 7.58349943397375e-308))
result <- do.call(remote:::corC,testlist)
str(result)