testlist <- list(x = c(NaN, NaN, -1.63754507635128e-24, 4.36116648835356e-306,  NaN, 7.5834994339286e-308, -2.3831861431598e+260, 36884533781632622592,  9.73041595136716e-72, 9.84159745524459e-308, 9.73041595136674e-72,  NaN, 6.49869973598111e-275, NaN, 1.78812707215007e-130, 2.19508751156436e-307,  -7.34356227824488e+211, -3.96996753876131e+255, 9.73042289443298e-72,  6.95354910421511e-310, 2.84809501632694e-306, 6.08468101032298e-92,  9.73042289430147e-72, 1.01858529362882e-71, -1.51081551214227e+57,  3.02542682000595e-306, -5.77944934555705e+303, 7.18658753874646e-68,  NaN, 1.3363268613403e-309, 0, 0, 0, -5.48612406879369e+303, 8.06559988768169e-308,  2.72023243328247e-312, 2.87938390793431e-306, NaN, 2.44448192438488e-310,  -5.55540605346531e+303, 6.95346107871975e-310, 2.71389545614156e-306,  -5.555406053465e+303, 7.17586319373877e-304, 0, -1.27720806360944e+294,  5.42157458642959e-312, 0, 9.56345469529114e-308, 0, 0, 3.23785921002061e-319,  0, 0, -3.97729546556673e+304, -5.4861267052189e+303, Inf, NaN,  9.73041595136716e-72, 6.49869973598111e-275, NaN, 8.06559973582399e-308,  -4.71591527801047e+304, -5.53567993169512e+303, 1.21046083231105e-321,  0, 0, 0, -1.61074037247892e-24, -9.56520159519263e-308, -1.89599375890345e+307,  9.72999111967446e-72, -1.89326055052983e+307, 9.7304228943013e-72,  NaN, NaN, NaN, NaN, NaN, NaN, NaN, NaN, NaN, -1.36038732768883e+306,  -3.83761016942786e+304, -1.00876106314944e+307, 0), y = c(35740566677440425984,  2.00539877157926e-52, 2.66248966255737e-191, 9.73041747539649e-72,  7.1874924842814e-68, -2.71389600887994e-306, 1.33387214147145e+58,  1.6622691328361e-309, 7.28221824744457e-304, 9.62204764027244e-72,  2.71615461306795e-312, NA, -5.48612406879369e+303, -Inf, 1.1945305291617e+103,  NaN, NaN, NaN, NaN, -5.4861266848211e+303, NaN, NaN, 1.44295713785144e-312,  3.74609966156997e-270, NaN, -5.4861267052189e+303, NaN, NaN,  NaN, 8.06559990166945e-308, -9.94244620649312e+298, 9.73041595136674e-72,  8.31093259286469e-246, 8.30987219517939e-246, -1.61802081000168e-24,  3.77009287526242e+146, 8.06559989001307e-308, 3.79212841256667e+146,  6.95335622348087e-310, -1.61801130333396e-24, NaN, 3.87094914875078e+146,  NaN, NaN, 3.79243671540824e+146, 2.85716934991999e-306, 1.94693954327096e-308,  -1.27720806360944e+294, NaN, 1.01854281104598e-71, 3.93417988360066e-245,  NaN, -7.29023344885431e-304, NaN, -5.48612668478155e+303, 6.08467906733369e-92,  NaN, 3.14937205285044e-319, 0, 3.79837246582784e-312, 1.08646184497422e-311,  -1.65415927671432e-24, 1.01854281133781e-71, 2.50632145720164e-304,  NaN, 1.4228044339109e-101, NaN, -1.23745249771052e+294, 2.71619573387004e-312,  -7.92441796173047e+269, -1.24412568705765e+294, 3.6939702729123e-310,  1.33387214148965e+58, 8.30987219469184e-246, 8.30987219517939e-246,  8.30987219517939e-246, 6.87376517264586e-270, 0))
result <- do.call(remote:::corC,testlist)
str(result)