testlist <- list(x = c(7.3564874392291e+223, NaN, 3.63372088255387e+228,  NaN, NaN, NaN, NaN, NaN, 3.02610044756979e-306, Inf, 1.42873423909249e-101,  NaN, NaN, NaN, NA, NaN, NaN, NaN, NaN, NaN, NaN, NaN, 2.44448195677414e-310,  9.73041595136716e-72, NaN, 2.91371192394423e-306, NaN, 7.00767890008367e-310,  6.87144677082864e-310, -1.23745249771052e+294, 2.71619573387004e-312,  -7.92441796173047e+269, -1.24412568705765e+294, 3.6939702729123e-310,  NaN, -3.70313374643574e+304, 1.42280443391093e-101, -2.07597855350108e+260,  1945555039024054016, 1.06163585900231e-54, -6.89903270585992e-310,  8.06559989001323e-308, 3.79212874749394e+146, -2.38333394867104e+260,  7.26644546859808e+223, -1.00876106314268e+307, -9.71048924507435e-268,  NaN, -7.29109409744284e-304, 6.43916827653293e+144, NaN, -2.73737457034026e-312,  1.33387214147145e+58, 8.30987197269923e-246, 8.30987219517939e-246,  8.30987219517939e-246, 8.30987219517939e-246, Inf, 1.10280366752683e-72,  -7.35724094540915e+274, 0, 0, 5.7958564236875e-317, 3.18092909658468e-304,  2.84858073060619e-306, -4.7159184956885e+304, NaN, -1.42858912517031e-101,  7.28221824744457e-304, 9.62204763974535e-72, 3.79212874880737e+146,  4.08674151109689e+149, -1.6375450763513e-24, NaN, -1.36038732768883e+306,  NaN, -2.67663043526001e+285, NaN, 5.31468269679315e+303, NaN,  2.73737457034026e-312, NaN, 7.1865878447512e-68, 9.73042215861289e-72,  1.28434424640527e+58, 9.72999263764947e-72, -6.75724390599207e-307,  -2.38318614442688e+260, 8.06559989001323e-308, -2.29955764171419e-268,  NaN, 5.48611622079704e+303, 2.77976979239917e-244, -Inf, 2.85782923660569e-306,  8.06559875771634e-308, 9.73041595147268e-72, 0), y = c(8.30981524025852e-246,  8.30987219517939e-246, 8.30987219517939e-246, 8.30987219517939e-246,  8.30987219517939e-246, -3.97693146766152e+304, 7.29112026763692e-304,  1.2302234581447e-321, NaN, 5.31468269679315e+303, -5.4861267052189e+303,  -1.65436122510605e-24, 1.01854281133781e-71, 9.7304159756138e-72,  2.67258911149326e-306, -1.65436122510603e-24, 2.81700905511841e+209,  2.81700905511843e+209, -1.39064997639058e-309, -1.89599375890345e+307,  -1.1371713938747e-24, 9.7321933426132e-72, 7.23113375553131e-68,  NaN, NaN, NaN, NaN, NaN, -5.48612545853721e+303, NaN, -7.92334482846293e+269,  NaN, NaN, 8.37096893381267e-246, -5.55674543914978e+303, 7.177199962759e-304,  9.62204763974535e-72, 3.79212874880736e+146, 4.08674151484807e+149,  1.5304431182399e-94, 1.68013505587499e-59, -5.66895038836732e+303,  1.42873423910284e-101))
result <- do.call(remote:::corC,testlist)
str(result)