testlist <- list(x = c(NaN, -1.02911671482702e+270, -3.70306259156729e+304,  -3.90243644016263e+304, -1.61821220639115e-24, 3.77009287526242e+146,  8.63351315353654e+298, -1.53322435451733e-27, NaN, -9.18679190138104e+306,  6.51665349380307e-311, -7.92334482846264e+269, 3.7700928790078e+146,  -5.66895215351541e+303, 1.32515051111225e-105, 1.92755719946961e+31,  7.86451834647937e+199, 1.12414666149613e+79, 5.36938359308786e+169,  3.0261004475697e-306, NaN, 8.29529173543841e-246, 8.30987219517939e-246,  NaN, 1.1319604253551e-72, -2.39795857995545e+260, 1.01854281104598e-71,  -4.71591527795912e+304, NaN, NaN, NaN, NaN, 6.08468112466636e-92,  9.73041429186794e-72, 6.08465185495559e-92, 1.13962282366835e-304,  9.73041595147217e-72, NaN, NaN, NaN, NaN, NaN, NaN, NaN, NaN,  NaN, NaN, NaN, -2.72023243454234e-312, -3.44439117469818e+178,  NaN, NaN, NaN, 2.79195861272305e+209, 1.35266621695018e-309,  NaN, 1.19453055931664e+103, 1.1945305291615e+103, NaN, NaN, NaN,  -3.70313373826227e+304, -5.66895038836758e+303, 1.42873423910284e-101,  -3.70313374643574e+304, NaN, -1.11235478578789e-308, NaN, -7.0632744632887e-304,  NaN, NaN, 9.62204764883836e-72, 3.79212874880736e+146, 4.08674151109689e+149,  -2.5741088868502e-29, 4.36116648835356e-306, -8.37116099364271e+298,  NaN, 3.792042671182e+146, 1.14439567659643e-72, 5.31468269676091e+303,  7.90147183593437e-97, -3.23597469636325e-93, 4.08674151868863e+149,  -5.82900680269842e+303, NaN, 2.81700996186816e+209, 8.31022712171971e-246,  -5.48612668582341e+303, NaN, 5.48611622079704e+303, 6.08468112466627e-92 ), y = c(2.8766368211354e+209, 2.81700905511843e+209, -7.06364791985288e-304,  -3.97700779683839e+304, -1.09639144462073e-204, NaN, NaN, -1.27720806360944e+294,  4.0917372728618e+149, 6.95612522140951e-310, -1.61801130333396e-24,  3.77009287526242e+146, 6.97338079086e-310, -1.53322435451733e-27,  -1.42806151706849e-105, NaN, 1.14439567659643e-72, 3.79212874880225e+146,  NaN, 3.72265194213542e-307, -2.85365631282637e-306, NaN, NaN,  -5.82857115893582e+303, NaN, NaN, NaN, 7.00767890008367e-310,  NaN, NaN, NaN, 3.76668330060949e+146, NaN, NaN, NaN, NaN, -7.2911220195564e-304,  NaN, 7.18658753874647e-68, 9.73041595136674e-72, 36893488078833844224,  2.50632318743213e-304, 7.28221824744457e-304, 9.62204763974535e-72,  3.79212874880736e+146, 4.08674151109689e+149, -2.60369117079599e-29,  4.36116648835356e-306, 7.00767890008367e-310, -1.61801130333396e-24,  -5.4861266858234e+303, -3.1599109305152e+284, -1.65436122510602e-24,  8.30428951438334e-246, 7.30183567378584e-87, 6.95612522038101e-310,  -1.61801130333396e-24, 8.30540275039454e-246, 2.8179045832175e-242,  -5.48619694962163e+303, 8.30987205798015e-246, 3.0260987292941e-306,  8.72417724411016e+298, 2.84824318502593e-306, -1.53632900827105e+305,  5.36695817957324e+145, 2.91371240326559e-306, 3.79243664096564e+146,  NaN, -1.42806234662016e-105, -5.4861266950027e+303, 6.21587727721814e-246,  8.30987219517939e-246, 8.30987219517939e-246, 8.30987219517939e-246,  8.30987210993149e-246, 8.34674511472289e-246, 7.16569432813255e-246,  -1.23569204615211e+39, 7.56714523577085e-311, 8.3098370721752e-246,  9.73080335972793e-72, 9.7304159785129e-72))
result <- do.call(remote:::corC,testlist)
str(result)