testlist <- list(x = c(2.848439490525e-306, NaN, 1.42280443391093e-101, 3.6893488147416e+19,  NaN, -2.38318614444296e+260, 8.06559989001323e-308, 3.79212874826348e+146,  -2.38318614443347e+260, 3.22815671851067e-115, 8.76431881444561e+252,  7.35876460944816e+223, 3.87096819614538e+146, NaN, NaN, NaN,  2.07578655915982e+301, -5.66895038836732e+303, -5.48612668885301e+303,  5.36695816367522e+145, 3.79212874880499e+146, 3.79212874880738e+146,  9.73080610298132e-72, 2.40651291965541e-309, 0, 0, 0, -1.60266243682149e-24,  -9.56520159519263e-308, -1.89599375890345e+307, 9.72999111967446e-72,  -3.75467128646717e+255, 7.2289763924751e-304, NaN, -1.42806234662016e-105,  NaN, -2.04220038872474e-301, -2.6254901502892e-301, -3.70313374641996e+304,  -3.6944905227088e+304, NaN, -1.41524273265212e+308, -7.2911220195564e-304,  NaN, -7.2911220195564e-304, 2.04567727442107e-305, -1.38793378699601e-309,  -4.71591527488123e+304, NaN, NaN, NaN, NaN, -1.11235655958443e-308,  NaN, -5.48746343754811e+303, -3.23597341053033e-93, 6.084678680983e-92,  -1.89600447816686e+307, 9.7304228943013e-72, 1.04887323858447e-274,  2.87663681504842e+209, 3.79243670799231e+146, 2.7161547747954e-312,  -1.57282719911304e+308, 4.08674151255564e+149, -5.82900680269842e+303,  NaN, -1.01822462610942e+307, 8.30987358161118e-246, -2.38318614442779e+260,  NaN), y = c(9.7304228943013e-72, -5.48612668877293e+303, NaN,  2.49465739899122e-300, NaN, NaN, 6.9533931076695e-310, Inf, 7.00767890008367e-310,  -1.61801130333396e-24, 8.30987219517938e-246, 8.30987219517939e-246,  8.30987219517939e-246, Inf, 7.30183567378584e-87, 8.30987219517939e-246,  8.30987219517938e-246, NaN, 9.1534229363747e-246, 7.28221824744735e-304,  8.30987219517938e-246, 9.62197855039676e-72, 3.79212859250796e+146,  3.79212874880738e+146, 6.87521360282337e-71, NaN, NaN, NaN, NaN,  NaN, NaN, 5.69707910729531e-304, -5.48612406879369e+303, -2.34076139654844e+305,  -5.55540605346501e+303, 6.95346107871975e-310, 2.71389545614156e-306,  -5.555406053465e+303, 7.17586319373877e-304, 0, -1.27720806360944e+294,  NaN, 0, 9.56345469529114e-308, 0, 0, 3.23785921002061e-319, 0,  8.37148831145348e+298, NaN, 7.22733651934064e-68, -7.35724094540915e+274,  1.22034214522788e-321, 0, -3.9026654183868e+304, 2.15069497417506e-105,  NaN, 2.78134232345779e-309, NaN, -7.92330452278887e+269, NA,  -5.66895141776884e+303, NaN, -6.83893152398672e+305, 1.9275571994696e+31,  Inf, 2.72489451751118e-312, 4.64775945105517e-281, 2.46693879814368e+24,  2.00907880263701e+301, 7.28221824744457e-304, 6.56083608528345e-303,  -8.25589183052619e+269, 0, 0, NaN, -1.42806234662016e-105, NaN,  1.08646184510021e-311, NaN, NaN, -7.89009468932259e-308, -1.60277011703762e-24,  4.27145259271891e+96, 7.28725408151823e-68, 1.34140986504445e+199,  1.55459938661268e+160, -5.48612669319909e+303, 6.21587727721814e-246,  0))
result <- do.call(remote:::corC,testlist)
str(result)