testlist <- list(x = c(4.08674151109689e+149, -2.5741088868502e-29, 4.36116648835356e-306,  -8.37116099364271e+298, NaN, -2.55650442562523e+285, NaN, NaN,  NaN, NaN, NaN, NaN, NaN, NaN, NaN, -2.68212707775144e-29, 4.36116648835356e-306,  NaN, NaN, -8.37116099364271e+298, NaN, -2.55650442562523e+285,  NaN, NaN, NaN, NaN, NaN, 1.01854281104599e-71, -1.6543612226167e-24,  5.22002680210694e-312, 0, 0, 0, NaN, 2.44448195404216e-310, -5.48612668870894e+303,  NaN, NaN, 3.78576013973557e-270, NaN, 2.81700905378633e+209,  2.81700905511843e+209, NaN, NaN, NaN, NaN, NaN, NaN, NaN, NaN,  NaN, 6.96379503244098e-310, NaN, 9.73041432559757e-72, NaN, NaN,  NaN, -1.53632900828382e+305, 3.82173538749931e-307, 6.08468111895142e-92,  9.73041597848758e-72, -5.50085831750252e+303, 6.96290456547811e-310,  9.73041595136716e-72, NaN, NaN, NaN, NaN, NaN, NaN, NaN, NaN,  NaN, NaN, NaN, NaN, NaN, 5.31482395498565e+303, NaN, NaN, NaN,  NaN, NaN, NaN, NaN, NaN, 2.84809589900543e-306, -9.4587364906542e-308,  NaN, NaN, -5.82857115893582e+303, 9.73041595136716e-72), y = c(Inf,  -1.65436122466068e-24, -1.65436056873883e-24, NaN, -7.34356227824008e+211,  NaN, NaN, NaN, NaN, NaN, -5.48612668885301e+303, 5.36695816367522e+145,  3.79212874880499e+146, 3.79212874880738e+146, 9.73080610298132e-72,  1.59279699080482e-317, 0, 5.7958564236875e-317, NA, 1.78812706879114e-130,  -9.73042289430134e-72, 7.17586319368576e-304, 0, -1.27720806360944e+294,  5.42157458642959e-312, 0, 9.56345469529114e-308, 0, 0, NaN, 7.22733651934064e-68,  -7.35724094540915e+274, 0, 0, 5.7958564236875e-317, -Inf, 2.97812228188575e-306,  NaN, 3.64749834167446e-310, 1.01372140349863e-71, NaN, 1.42873423909758e-101,  2.72035450369718e-312, 9.7299923677692e-72, 3.79212874819683e+146,  3.79212874880738e+146, 9.83029476470012e-72, 3.79212841256665e+146,  NaN, -1.00876091742558e+307, -9.710489245076e-268, NaN, 2.8569103789103e-100,  -3.15248043726504e+285, 1.2202130524457e-306, -1.40444776328705e+306,  7.18658753874647e-68, 9.73041595136674e-72, 3.77009287526242e+146,  8.06559989001307e-308, 3.79212874749394e+146, -5.48612669502963e+303,  -1.89589947033159e+307, 9.7304228943013e-72, 1.00350896550706e-71,  -1.27720806360944e+294, 4.0917372728618e+149, 8.30987219520054e-246,  4.45428136482153e-310, NaN, 5.48611622079704e+303, 6.08468112466627e-92,  9.73041597848758e-72, -9.80559808790671e-309, 2.8766368211354e+209,  2.81700905511843e+209, 6.96386051589224e-310, NaN, NaN, 8.30987219524259e-246,  8.30987219517939e-246, 8.06559989001628e-308, 1.28434424640527e+58,  9.72999263764947e-72, NaN, 2.44448195553463e-310, 1.00797316970836e-71,  -6.75709053028271e-307, -Inf, 1.6622691328361e-309, 1.35266621695018e-309,  0, 0, 8.84377506055831e-322, 0))
result <- do.call(remote:::corC,testlist)
str(result)