testlist <- list(x = c(9.73041595136674e-72, NaN, -5.82900682303404e+303,  2.67286997245307e-306, -1.65436122510603e-24, 2.50087072883997e+198,  9.73041595136674e-72, -1.1123547874305e-308, 2.81724197605566e+209,  1.7354322674149e+214, 1.69375439164922e+190, 3.07839226128608e+169,  -Inf, -5.4861267052189e+303, NaN, NaN, NaN, 8.06559990166945e-308,  -3.23597286758348e-93, NaN, 8.31093259286469e-246, 8.30987219517939e-246,  -1.61802081000168e-24, 3.77009287526242e+146, NaN, 7.29112026079324e-304,  3.79212874749394e+146, 6.95335622348087e-310, -1.61801130333396e-24,  NaN, 7.29111855011283e-304, -1.27720806360944e+294, 4.0917372728618e+149,  8.30987219520054e-246, NaN, -3.70313374640381e+304, 8.4371944286515e-246,  2.8179045832175e-242, -5.48619694962163e+303, 5.28385240995917e-312,  NaN, 7.08969611677426e-311, -4.86173068583344e-63, 3.79197380908005e+146,  NaN, 6.96742275970233e+252, -1.63754507718942e-24, 3.80854847180282e+146,  -2.90877547840695e+249, 2.13218203377702e-309, 1.35266621695018e-309,  0, -8.37116099364271e+298, 1.33632684936101e-309, NaN, NaN, 2.91371192394423e-306,  NaN, 3.87069807020594e+233, 1.70176739763611e+214, 1.69375439164922e+190,  3.07839226128608e+169, -6.88780618259754e+305, -2.73737457034026e-312,  1.33387214147145e+58, 8.30987197269923e-246, NaN, 8.30987219517939e-246,  NaN, NaN, NaN, NaN, 7.28844845699238e-304, 2.11780269930679e-314,  NaN, 3.02609229907147e-306, 8.72417724411016e+298, 2.84878850578272e-306,  4.07756053855251e-315, 0, 7.29023199001299e-304, 0, 0), y = c(-1.40444776328705e+306,  9.47537440320941e-97, 9.73041595136702e-72, NaN, 1.3363268613403e-309,  0, 0, 0, -5.48612406879369e+303, 8.06559988768169e-308, 2.72023243328247e-312,  2.87938390793431e-306, 9.73041595134142e-72, 2.44448192438488e-310,  9.73041595136716e-72, NaN, NaN, NaN, NaN, NaN, NaN, NaN, NaN,  NaN, NaN, NaN, 2.88230179007823e-306, NaN, NaN, NaN, -3.1155379203098e-307,  1.33387214147145e+58, 3.08797884367494e+56, -6.75724390599207e-307,  3.87094914130795e+146, 4.72915975722061e-45, -5.66895038836732e+303,  -7.2911220195564e-304, -5.54407341033478e+303, -4.53536080218414e+279,  2.07604708417458e+301, 7.28221824744457e-304, -2.66133910471558e-110,  3.79212874880737e+146, 4.08674151109689e+149, -1.6375450763513e-24,  4.36116648835356e-306, NaN, 7.5834994339286e-308, NaN, -6.75724390599207e-307,  3.87094914132226e+146, -3.90266541390743e+304, 2.15069497417506e-105,  NaN, 1.74620922332219e-77, 3.79212874880525e+146, NaN, -1.00876091742558e+307,  -9.710489245076e-268, NaN, 2.8569103789103e-100, -3.15248043726504e+285,  NaN, NaN, 2.81700871410019e+209, 2.81700905511843e+209, -5.63000036177431e+303,  NaN, -7.29112029479822e-304, NaN, NaN, NaN, NaN, NaN, NaN, NaN,  4.45428153230143e-310, 7.29040582388167e-304, 9.73042057238221e-72,  5.48611622079801e+303))
result <- do.call(remote:::corC,testlist)
str(result)