testlist <- list(x = c(NaN, -3.70313357476153e+304, -7.92441796173047e+269,  -1.24412568705765e+294, 3.6939702729123e-310, -3.70313373829259e+304,  -5.66895038836758e+303, 1.42873423910284e-101, -3.70313374618027e+304,  NaN, -1.11235478578789e-308, NaN, NaN, 1.2302234581447e-321,  1.70044988095363e+103, 1.19453054251141e+103, NaN, NaN, NaN,  NaN, -1.11235655958443e-308, NaN, NaN, 5.48611622079704e+303,  -1.41726193274669e-105, NaN, 7.00767890008367e-310, NaN, NaN,  NaN, -1.8960044781751e+307, NaN, NaN, 2.99939360825926e-241,  5.69707910729512e-304, -5.48612406879369e+303, 1.19453824887817e+103,  1.1945305291617e+103, NaN, NaN, NaN, 1.42873355795401e-101, 4.36116648838817e-306,  NaN, 1.42873421781301e-101, -1.33844283137785e+306, 3.74609966156997e-270,  NaN, -5.4861267052189e+303, NaN, NaN, NaN, 8.06559990166945e-308,  -3.23597286758348e-93, NaN, 8.31093259286469e-246, 8.30987219517939e-246,  -1.61802081000168e-24, 3.77009287526242e+146, 8.06559989001307e-308,  3.79212841256667e+146, 6.95335622348087e-310, -1.61801130333396e-24,  NaN, 7.29111855011283e-304, -1.27720806360944e+294, 4.0917372728618e+149,  8.30987219520054e-246, NaN, -3.70313374640381e+304, NaN, -5.48635950218811e+303,  1.01858529362882e-71), y = c(2.84809589901822e-306, Inf, -2.38324362236693e+260,  4.3377613770057e-306, NaN, 2.0760479144483e+301, 8.40073338950362e-246,  2.71723641421108e-312, NaN, NaN, -1.89600447816683e+307, 9.7304228943013e-72,  1.04887323858447e-274, NaN, NaN, 1.25567413720257e+299, NaN,  2.81700905511323e+209, 2.81700905511843e+209, 4.09123959879599e+149,  3.79212874880738e+146, 9.83029476470012e-72, NaN, -2.97439258164523e+284,  -6.77436252114331e-315, 9.45873679566519e-308, 2.00907880290853e+301,  1.09733325374573e-307, 2.84843949052451e-306, 1.44295713785144e-312,  NaN, -1.02911671482702e+270, -3.70306259156729e+304, -3.90243644016263e+304,  -1.61821220639115e-24, 2.87663681504842e+209, 8.63351315353654e+298,  -1.53322435451733e-27, NaN, -9.18679190138104e+306, NaN, -7.92334482846293e+269,  3.7700928790078e+146, -5.66895215351541e+303, 1.32515051111225e-105,  1.92755719946961e+31, 7.86451834647937e+199, 1.12414666149613e+79,  5.36938359308786e+169, 3.0261004475697e-306, NaN, 8.29529173543841e-246,  8.30987219517939e-246, 8.30987219517939e-246, 8.30987219517939e-246,  8.30987219517939e-246, 5.95436681250456e-92, NaN, 3.14937205285044e-319,  2.2250738585072e-308, 6.99133953249328e-310, -2.98060622276877e-05,  3.77009287526242e+146, 6.9533558094586e-310, 8.43940891619495e-246,  8.31001623002135e-246, 8.30540275038623e-246, 2.8179045832175e-242,  -5.48619694962163e+303, 8.30987205798015e-246, NaN, 7.00767890008367e-310,  NA, 8.30987219517938e-246, 8.30987219517939e-246, 8.30987219517939e-246,  NaN, 0))
result <- do.call(remote:::corC,testlist)
str(result)