testlist <- list(x = c(6.87144718798931e-310, -1.23745249771052e+294, 1.38792317701896e-309,  -5.48612406879369e+303, NaN, 2.11780257233192e-314, 0, 2.67227007454578e-310,  0, -5.48612406879369e+303, 1.25986739689518e-321, 0, 0, 3.09829366178647e+227,  1.34140986504445e+199, 7.3564874392291e+223, 4.87620583420803e-153,  3.63372088255387e+228, -7.88898212034534e+303, -2.21542701235897e+130,  2.44448192438246e-310, NaN, -2.38322954373238e+260, 0, 0, 0,  0, -1.89577303231588e+307, 2.88230177946828e-306, 6.08468101032297e-92,  9.73041429186794e-72, 6.08465185495559e-92, 9.73041597848758e-72,  NaN, NaN, NaN, NaN, NaN, NaN, NaN, NaN, NaN, NaN, NaN, 5.69707910729531e-304,  -5.48612406879369e+303, 1.19453824887817e+103, 1.1945305291617e+103,  NaN, NaN, NaN, 1.42873355795401e-101, 4.36116648838817e-306,  NaN, 1.42873421781301e-101, -1.33844283137785e+306, 3.74609966156997e-270,  NaN, -5.4861267052189e+303, NaN, NaN, NaN, 8.06559990166945e-308,  -3.23597286758348e-93, NaN, 8.31093259286469e-246, 8.30987219517939e-246,  -1.61802081000168e-24, 3.77009287526242e+146, 8.06559989001307e-308,  3.79212841256667e+146, -5.65756545619162e+303, 2.88230179007823e-306,  -5.48612406883361e+303, 9.72999975445924e-72, NaN, -2.38318731518527e+260,  8.06559989001323e-308, 3.87094914133693e+146, NaN, NaN, 3.79243671540824e+146,  2.85716934991999e-306), y = c(NaN, -1.89600447816683e+307, 9.7304228943013e-72,  1.04887323858447e-274, 2.87663681504842e+209, -4.80143005247854e+304,  NaN, NaN, NaN, 2.84809589900543e-306, 9.62386954292137e-72, -3.70313374640994e+304,  NaN, 6.08468112466636e-92, NaN, NaN, -6.75709052315951e-307,  -4.73396566723906e+96, 9.73041597835735e-72, -7.16221430207551e-304,  -1.00876106105665e+307, 1.25438621029036e-72, 3.22369733851121e-115,  -1.65415927672035e-24, 7.1758597169641e-304, NaN, NaN, NaN, NaN,  NaN, NaN, -1.36899288118515e+306, 2.06400484714817e-314, 4.09173630877733e+149,  2.99937931998112e-241, -1.08825319981861e+266, NaN, NaN, NaN,  NaN, NaN, NaN, NaN, NaN, NaN, NaN, NaN, NaN, -1.33844216221635e+306,  NaN, NaN, NaN, 8.20581847596688e-72, -5.48746080782892e+303,  -1.65415927672035e-24, NaN, -5.4861267049398e+303, 6.08467906733369e-92,  3.79212860956889e+146, -5.48612669231529e+303, -1.64029928141297e-24,  3.74610004045251e-270, NaN, 7.00767890008367e-310, 4.23629405793223e-33,  3.79243667975551e+146, 2.85716934991999e-306, -5.48612670513907e+303,  -9.30931709094353e+257, 5.48612145336471e+303, -3.70313374643568e+304,  8.89332870214423e+298, -1.89600447816686e+307, 9.7304228943013e-72,  NaN, NaN, 2.72663960811777e-312, -1.89581161081075e+307, NaN,  2.05545689488119e-314, 0, 9.72383351251926e-310, -6.80700156270601e+279,  2.75909156861325e-306, 2.22507385848135e-307, -5.79418279327991e+303,  1.42873376806604e-101, -Inf, -1.39824607367763e-235, -1.61821220639115e-24,  NaN, 0))
result <- do.call(remote:::corC,testlist)
str(result)