testlist <- list(x = c(8.30987219517939e-246, NaN, 8.30987219517939e-246,  -9.95438324317167e+303, -2.45834374590381e+255, -2.45834374590272e+255,  -2.45834374590272e+255, NaN, 3.14937205285044e-319, 3.79243671539387e+146,  1.19453394674075e+103, NaN, NaN, NaN, -5.50219669790148e+303,  3.74648596024776e-270, NaN, NaN, NaN, 2.17134877119684e-311,  3.78576013973557e-270, NaN, 2.81700905378633e+209, NaN, NaN,  -1.65436122510606e-24, -5.48612668479553e+303, NaN, NaN, 8.30987219517939e-246,  8.30987219517939e-246, 9.62204763974535e-72, -2.45790594971706e+255,  -2.45834374590272e+255, NaN, 6.08467907868178e-92, 3.79212841256663e+146,  2.84809590087765e-306, -1.53632900827105e+305, -2.38324362236693e+260,  NaN, NaN, NaN, 8.30987220059513e-246, NaN, 1.42873423644219e-101,  -1.33844283137785e+306, 2.44448195677414e-310, 7.41841229021234e-68,  8.35025495714768e-246, NaN, 2.81700905511848e+209, 3.0789281277569e-70,  NaN, NaN, 2.84809589900543e-306, 9.62386954292137e-72, NaN, 8.3109325928656e-246,  -2.41142971462455e+260, -1.83009085288486e-28, -9.47887695919436e+306,  NaN, NaN, -3.70313374643574e+304, 5.43230898455263e-312, 1.483739244464e-314,  4.24399158193054e-314, -1.89600340666649e+307, 9.7321933426246e-72,  2.91963936247604e-68, -1.60266283427556e-24, 3.74610001929789e-270,  NaN, NaN, -1.23745249771052e+294, 2.71619573387004e-312, -7.92441796173047e+269,  -1.24412568705765e+294, 3.6939702729123e-310, NaN, NaN, NaN,  NaN, NaN, NaN, NaN, NaN, NaN, 0), y = c(-3.23584735591394e-93,  -1.11235478752763e-308, NaN, 35740566677440425984, 2.00539877157926e-52,  9.72999111974025e-72, 2.42092166462211e-322, 4.14452302922905e-317,  2.12196341187911e-314, 2.84844220667961e-306, 8.72417724411016e+298,  1.09733325375869e-307, 2.84843949052451e-306, 2.00921045971942e+301,  1.09733325374573e-307, -1.33861427540153e+306, 6.953355807835e-310,  NaN, -5.48647536732276e+303, 9.73200500638088e-72, 9.73041429189301e-72,  0, 0, 8.28891957765276e-317, 0, 0, 6.08465185275927e-92, -2.38319904797143e+260,  NaN, NaN, NaN, NaN, NaN, NaN, NaN, NaN, NaN, NaN, NaN, NaN, NaN,  5.31481610702222e+303, 9.7304159786191e-72, 8.06559973583622e-308,  9.73041595147268e-72, NaN, NaN, NaN, NaN, 3.78576699573368e-270,  5.48611621061962e+303, -1.65415927672034e-24, NaN, NaN, NaN,  NaN, -9.56521008315303e-308, -2.38318614442688e+260, NaN, NaN,  1.33387214147152e+58, NaN, 2.2454085093793e-110, NaN, NaN, NaN,  -2.12455095820176e+183, NaN, NaN, NaN, -3.23597469046004e-93,  Inf, 3.79212874880225e+146, NaN, 6.96742275970233e+252, -1.63754507718942e-24,  4.36116648835356e-306, NaN, 3.07893080010191e-70, 3.74634284934907e+146,  9.67140652815403e+25, 6.19976595872092e+223, 7.05048724589507e+64,  3.22369733851121e-115, 9.07652344884246e+223, NaN, 6.95335622552517e-310,  -7.13092017789108e-304, 0))
result <- do.call(remote:::corC,testlist)
str(result)