testlist <- list(x = c(1.3906711921227e-309, 0, 0, 0, 0, 3.79212874880734e+146,  3.79199537332e+146, NaN, NaN, 2.08602796230841e-309, NaN, NaN,  NaN, NaN, NaN, NaN, NaN, 1.3684555315672e-48, 1.01876345948609e-71,  4.7783097267088e-299, -2.38318614444471e+260, 6.08465185279746e-92,  9.73041597848758e-72, 5.84052604316225e-308, 3.11137840468525e-319,  0, 0, 0, -3.29167443310125e+304, 1.01854281104598e-71, -1.65234095232781e-24,  9.62165903814406e-72, -1.13721019963807e-24, 9.7321933426132e-72,  NaN, NaN, NaN, NaN, NaN, NaN, NaN, 4.86173068582902e-63, NaN,  NaN, NaN, NaN, 2.84809589904688e-306, 9.62386954292137e-72, NaN,  -5.48746345455267e+303, 2.87663681504842e+209, 3.07893063852893e-70,  8.31001623002135e-246, 8.30540275038623e-246, 2.8179045832175e-242,  -5.48619694962163e+303, 2.71656938847499e-312, 9.7299923677692e-72,  3.79212874819683e+146, 3.79212874880738e+146, 9.83029476470012e-72,  8.30987281137122e-246, 2.88230178000915e-306, 5.09925288931431e-68,  -4.71591527488104e+304, NaN, NaN, -8.06559953690589e-308, Inf,  8.3016925275311e-246, 8.30987219517939e-246, -9.96108017196658e+303,  -4.71657659967762e+304, -Inf), y = c(8.30987219517938e-246, NaN,  NaN, -7.35724094540915e+274, 0, 0, 5.7958564236875e-317, 1.65780921169162e-316,  1.78812706879114e-130, -9.73042289430134e-72, -3.75467127946479e+255,  6.0846790673337e-92, -9.7104892450464e-268, NaN, NaN, 6.08468112466636e-92,  -5.48612668482142e+303, 6.08767521447208e-92, -6.75724330684027e-307,  -5.4861266847815e+303, -1.53891196591908e+305, 5.36695816425669e+145,  6.08467906730551e-92, 3.79204267118609e+146, 2.84809590087765e-306,  -1.53632900827105e+305, -2.38324362236693e+260, NaN, NaN, 8.30984024335263e-246,  8.30987219517939e-246, 8.30987219517939e-246, 8.30987219517939e-246,  8.30987219517808e-246, 8.30987275781549e-246, 8.30985473641066e-246,  3.65880478856703e-236, -2.38318620596563e+260, 8.30987219464345e-246,  2.72038171864123e-312, 9.7299923677692e-72, NaN, -5.48612668837393e+303,  7.18658753874646e-68, 9.73041595136674e-72, 9.73041595136716e-72,  6.49869973598111e-275, NaN, 1.78812707215007e-130, 2.19508751156436e-307,  -7.34356227824488e+211, -5.80211405805019e+303, -3.70313374643574e+304,  NaN, NaN, NaN, NaN, NaN, 7.00767890008367e-310, -5.26667910563303e+306,  1.01854281104598e-71, -1.65419808438557e-24, 2.15069497415455e-105,  NaN, NaN, NaN, NaN, NaN, NaN, NaN, NaN, 8.30984140277394e-246,  8.30987219517939e-246, 8.30987219517939e-246, 2.85716934991999e-306,  NaN, NaN, NaN, -5.48612668877292e+303, 6.21587727721814e-246,  8.30987219517939e-246, 8.30987219517939e-246, 8.30987219517939e-246,  8.30987210993149e-246, 8.34674511472289e-246, 7.16569432813255e-246,  -1.23569204615211e+39, 7.56714523577085e-311, 8.3098370721752e-246,  4.08674161056431e+149, 1.53044314502867e-94))
result <- do.call(remote:::corC,testlist)
str(result)