testlist <- list(x = c(-1.6375450763513e-24, 4.36116648835356e-306, 1.06099802146938e-314,  NaN, -1.93359690067206e+289, 1.63155298226155e-319, 2.26400641550293e-319,  6.47581723317039e-319, NaN, 7.1865878447512e-68, 12679886458271139840,  2.49098649049282e-69, NaN, 1.14439569346324e-72, 6.97338079028861e-310,  3.87048042919538e+146, -2.44448195516764e-310, -1.00876106105665e+307,  -7.29112201950438e-304, 8.30987633735784e-246, 8.30987219517939e-246,  -1.89581166125173e+307, 3.79204267117634e+146, 1.85495612382695e+106,  3.79212874749394e+146, 2.7161547747954e-312, -1.89581161081075e+307,  4.08674151255564e+149, -5.82900680269842e+303, NaN, 3.87096819862669e+146,  -1.81496220615493e-308, 2.99937931998112e-241, NaN, 2.00907880612484e+301,  7.28221824744457e-304, -7.17585971334723e-304, NaN, NaN, -5.82857115893582e+303,  -3.9785885810634e-45, -3.9785885810634e-45, 1.68324268753418e+212,  -1.36055956954466e+306, 2.06400484714817e-314, 0, 2.70568981194476e-305,  3.78345634693257e-270, 5.48611621061962e+303, 36893488078833844224,  2.50632318743213e-304, NaN, NaN, NaN, NaN, 6.0846790787044e-92,  3.79212841256663e+146, -5.65488929794712e+303, 2.50087072840768e+198,  -3.23597469046009e-93, NaN, NaN, 4.24399158193054e-314, NaN,  NaN, 2.91371192394423e-306, -1.89573074330942e+307, 9.67139917824893e+25,  2.79418945783688e+232, 1.70176739763611e+214, 2.13553334696179e+233,  4.26254768488159e-307, 1.06399912715412e+248, -7.29112005560545e-304,  1.16733363337992e-72, NaN, -1.65416335660431e-24, NaN, NaN, NaN,  NaN), y = c(1.22021305244567e-306, NaN, -3.97729554731635e+304,  NaN, 2.8480950163271e-306, -3.97729554731635e+304, 7.06327792625299e-304,  2.81700871410019e+209, 2.81700905511843e+209, 2.81724197606564e+209,  7.0636479198223e-304, -2.38318673324274e+260, 7.2289763924751e-304,  3.79212874749394e+146, NA, -1.23745249770468e+294, 3.39788305447103e+198,  -3.23597469046009e-93, -1.1123547874305e-308, NaN, NaN, NA, -1.89600340666652e+307,  NaN, NaN, 1.6688053938804e-308, -9.48001793323226e+306, NaN,  NaN, NaN, NaN, -1.8960044781751e+307, NaN, -Inf, -7.2911185428786e-304,  8.30987633735784e-246, 8.30987219517939e-246, -1.89581166125173e+307,  3.79204267117634e+146, 1.85495612382695e+106, 2.91371240139324e-306,  -1.53632900827105e+305, 5.48772503648875e+303, 2.71988468315691e-312,  -5.486359502185e+303, 9.73041595136674e-72, 9.73041595147278e-72,  4.77830791278646e-299, 3.78352313722376e-270, 5.48611621061962e+303,  -7.29023199003952e-304, 3.78345635041681e-270, 1.39060741886824e-309,  8.27266679416717e-317, NaN, 2.0760479144483e+301, 1.25986739689518e-321,  1.13195988485334e-72, 1.59279699080482e-317, 0, 1.39064994160909e-309,  0, 0, -2.38318614213576e+260, 1.09889863630876e-255, -8.06559990102162e-308,  NaN, NaN, -1.63754507718942e-24, 0))
result <- do.call(remote:::corC,testlist)
str(result)