testlist <- list(x = c(7.00767808089279e-310, 3.870968194949e+146, 1.19540542945141e+103,  NaN, NaN, NaN, 9.68258315993161e-222, -3.70313373829271e+304,  -5.66895038836758e+303, 1.42873423910284e-101, -3.70313374618027e+304,  NaN, -1.11235478578789e-308, NaN, NaN, NaN, NaN, NaN, -2.44448195677414e-310,  -1.00876106105665e+307, -7.29112201950438e-304, 8.30987633735784e-246,  8.30987219517939e-246, -1.89581166125173e+307, 3.79204267117634e+146,  1.85495612382695e+106, 3.79212874749394e+146, 2.7161547747954e-312,  -1.89581161081075e+307, 4.08674151255564e+149, -5.82900680269842e+303,  NaN, 3.87096819862669e+146, -1.81496220615493e-308, 2.99937931998112e-241,  NaN, NaN, 7.18658753874647e-68, 9.73219500208909e-72, NaN, NaN,  1.78812707213949e-130, 9.73219334262484e-72, NaN, NaN, -1.018763896368e-71,  NaN, NaN, NaN, NaN, 6.96379503244098e-310, 7.28221824744457e-304,  NaN, 7.2911220195564e-304, -1.61801130333396e-24, 7.04493145061492e-319,  3.74648596608732e-270, NaN, NaN, NaN), y = c(3.02610044756979e-306,  NaN, NaN, NaN, -Inf, -5.48612668479553e+303, NaN, NaN, 8.30987219517939e-246,  8.30987219517939e-246, -1.11235478578789e-308, -1.61801080538925e-24,  5.3669597612069e+145, -5.6580591803017e+303, NaN, 2.0760479144483e+301,  -9.18652011073807e+306, NaN, 2.73737457034026e-312, NaN, NaN,  NaN, 6.08468112466636e-92, -1.65415927672034e-24, NaN, 2.73737343833705e-312,  4.64775945105517e-281, 8.30987219517939e-246, 8.30987219517939e-246,  8.30987219517939e-246, 8.30985037171848e-246, 3.43836666477644e-245,  NaN, 8.30987219517939e-246, 1.93718918035744e-308, 8.30088070610693e-246,  NaN, 8.30987220059513e-246, NaN, 1.42873423644219e-101, -1.33844283137785e+306,  2.44448195677414e-310, -1.11235478578789e-308, 4.36116391423288e-306,  1.22021305398516e-306, NaN, 7.28221824749751e-304, NaN, 4.86173068582902e-63,  1.78812621226196e-130, 1.58388935125172e+146, 3.79212874880738e+146,  3.7579846240383e+146, 9.73041595139e-72, 2.71623749024311e-312,  7.29112201952966e-304, -2.38318614442995e+260, 8.06559989001323e-308,  3.79212874826348e+146, -2.38318614443347e+260, -3.23584735591394e-93,  -1.11235478752763e-308, NaN, -1.11235478578789e-308, 2.00539877157926e-52,  NaN, -1.07567531393806e-204, 8589062144, -2.12455096215903e+183,  NaN, -8.42668656908949e+307, 6.08576708267566e+250, 8.14389217552137e+62,  9.72999263764947e-72, -6.75724390599207e-307, 3.87094914132226e+146,  -3.90266541371583e+304, 2.15069497417506e-105, NaN, 2.78134232345779e-309,  NaN, -7.92330452278887e+269, 3.7700928790078e+146, -5.66895141776884e+303,  NaN, -6.83893152398672e+305, 1.9275571994696e+31, 2.49098672712463e-69,  0))
result <- do.call(remote:::corC,testlist)
str(result)