testlist <- list(x = c(8.30987219517939e-246, 8.30987219517939e-246, 6.87964986137084e-246,  8.30987219517939e-246, 8.30987219517942e-246, 8.30987219517834e-246,  -1.31300036889095e+222, -1.18965266963108e-117, 9.10753270516425e-310,  0, 0, -3.29167443310125e+304, 1.01854281104598e-71, -1.65234095232781e-24,  9.62165903814406e-72, -9.82113896664697e-102, 9.7321933426132e-72,  NaN, NaN, NaN, -8.50349230663022e+304, NaN, NaN, NaN, NA, NaN,  Inf, NaN, NaN, 9.9610801719781e+303, 5.28385240995917e-312, NaN,  2.20351989618479e+122, 1.1945305291615e+103, NaN, NaN, NaN, NaN,  NaN, -3.70313374643574e+304, NaN, NaN, NaN, 1.66880539388027e-308,  -9.48001793323226e+306, NaN, -1.05648174841413e+270, NaN, 7.29112201268623e-304,  -5.66895038836732e+303, 8.3016925275311e-246, NaN, NaN, NaN,  NaN, 2.71616918267848e-312, -7.20187722054218e+303, NaN, 8.30987219517963e-246,  8.3016925275311e-246, 1.14439567659643e-72, -1.53619373675729e+305,  9.73073383603407e-72, -1.65415927672035e-24, 3.79243481750163e+146,  6.95335622348087e-310, -1.61801130333396e-24, NaN, 7.29111855011283e-304,  -1.27720806360944e+294, 4.0917372728618e+149, 8.30987219520054e-246,  -5.48612572422363e+303, -1.65436122510605e-24, 6.75046117346973e-67,  -5.48635528171993e+303, 0), y = c(1.39067116124388e-309, 6.47581723317039e-319,  -2.38318614442688e+260, 8.06561686526722e-308, 2.84809454420217e-306,  NaN, -5.48612668837393e+303, NaN, 8.30984024335263e-246, 8.30987219517939e-246,  8.30987219517939e-246, 8.30987219517939e-246, 8.30987219517808e-246,  8.30987275781549e-246, 8.30985473641066e-246, 3.65880478856703e-236,  -2.38318620596563e+260, 8.30987219464345e-246, -2.04220038871233e-301,  NaN, -7.92377809808436e+269, NaN, -5.82900660187435e+303, NaN,  -8.42668656914186e+307, NaN, NaN, NaN, -1.05691008279092e-307,  7.96757837294608e+82, 6.24379000364563e+144, 3.79212874880738e+146,  7.28221824744457e-304, 9.62204764027244e-72, 2.71615461306795e-312,  -9.71048924504613e-268, NaN, NaN, NaN, -7.2911220195564e-304,  1.33387214147145e+58, 1.6622691328361e-309, 1.35266621695018e-309,  0, NaN, 6.98350748929955e-251, 8589062143.99976, 2.12989934333212e-307,  9.84158893407985e-308, -2.38318614444478e+260, -3.97729554160039e+304,  7.29112026763692e-304, 1.2302234581447e-321, 0, 1.483739244464e-314,  -1.60266243836459e-24, 3.77009287526151e+146, 3.79212874880737e+146,  2.66248966254448e-191, 9.73041747539649e-72, NaN, NaN, NaN, NaN,  NaN, NaN, NaN, 1.42873423909249e-101, NaN, NaN, NaN, NaN, NaN,  NaN, NaN, NaN, NaN, NaN, 2.81692175444832e+209, 2.81700905511843e+209,  1.22021305244567e-306, -1.40444776424761e+306, NaN, NaN, 5.28385240995917e-312,  NaN))
result <- do.call(remote:::corC,testlist)
str(result)