testlist <- list(x = c(NaN, NaN, -2.7142424352159e-306, -1.09629334532546e-204,  NaN, 1.14615463536038e+247, 1.14615463536038e+247, 3.02275738319942e-306,  1.33632684936038e-309, NaN, NaN, NaN, NaN, NaN, NaN, NaN, NaN,  9.73042292803624e-72, NaN, 2.73729394894532e-312, NaN, 2.11490473651036e-314,  2.44448112786958e-310, -1.89326034463529e+307, -5.50085992813036e+303,  6.96290456547811e-310, 9.73041595136716e-72, 9.7304159785129e-72,  NaN, -5.48612670514125e+303, NA, 1.01854281104598e-71, -1.6543612226167e-24,  5.22002680210694e-312, 0, 0, 0, NaN, -Inf, -5.48612668870894e+303,  6.96290456547811e-310, 9.73041595136664e-72, -5.486359502185e+303,  9.73041595136674e-72, 1.42873423910281e-101, NaN, -7.34356259299333e+211,  -1.5729814927419e+308, NaN, NaN, -1.68324348849548e+212, NaN,  2.84878976832877e-306, 6.08468101032297e-92, -1.89326034463213e+307,  9.7304228943013e-72, 1.01858529362882e-71, 2.73886860329595e-57,  3.02542414629125e-306, NaN, -3.70267542316793e+304, -1.68303822679117e+212,  -7.34356227824008e+211, NaN, 5.01175686137592e-304, 6.953355807835e-310,  -1.61801130333396e-24, 8.30987219517938e-246, 8.30987219517939e-246,  8.30987219517939e-246, 8.30428538918795e-246, 7.30183567378584e-87,  8.30987219517939e-246, 8.30987219517938e-246, 1.40835642170954e-241,  NaN, 6.68656508931007e-307, 0), y = c(-1.53322435451733e-27,  NaN, -9.18679190138104e+306, NaN, -7.92334482846293e+269, NaN,  NaN, -1.41524273265212e+308, NaN, NaN, 2.84809589900543e-306,  2.71389477264763e-306, -5.555406053465e+303, -5.65756804149389e+303,  -5.48612545853721e+303, NaN, -7.92334482846293e+269, NaN, NaN,  8.37096893381267e-246, -5.55674543914978e+303, 7.177199962759e-304,  9.62204763974535e-72, 3.79212874880736e+146, 4.08674151484807e+149,  1.5304431182399e-94, -1.59090627368497e+305, 5.36695816425669e+145,  2.91371240326559e-306, 3.79243664096564e+146, NaN, -1.42806234662016e-105,  NaN, -1.02911671482702e+270, 5.36696056129819e+145, 4.36140107856649e-306,  NaN, -5.48612668478166e+303, 7.00752970049203e-310, 8.30987219517939e-246,  8.30987219517939e-246, 8.30987219517939e-246, 8.30987219517939e-246,  6.87964986137084e-246, -1.36055956954468e+306, 2.06400484714817e-314,  0, 2.70568981194476e-305, -1.27720806360941e+294, NaN, NaN, NaN,  -1.11235655958443e-308, NaN, -5.55540605346531e+303, 6.95346107871975e-310,  2.71389545614156e-306, -5.555406053465e+303, 7.17586319373877e-304,  0, -1.27720806360944e+294, 5.42157458642959e-312, 0, 9.56345469529114e-308,  0, 0, 3.23785921002061e-319, 0, 0, 8.06559973582377e-308, NaN,  7.18658868807306e-68, 9.73041595136674e-72, 9.73041595136716e-72,  6.49869973598111e-275, -3.23597286758348e-93, -1.00876106106482e+307,  -4.71624932004773e+304, -5.53567993169512e+303, -5.4861266847818e+303,  6.21587727721814e-246))
result <- do.call(remote:::corC,testlist)
str(result)