testlist <- list(x = c(-1.36055956954468e+306, 5.2619696521557e-312, 0, 1.4543559828514e+201,  -3.23597469046009e-93, -1.1123547874305e-308, 1.39067116124388e-309,  6.47581723317039e-319, NaN, 3.0789308001019e-70, 1.5147116791524e-27,  2955339070719040, 1.12414725734973e+79, 6.19949605849508e+223,  7.05048724589507e+64, 3.15230951547741e+233, 7.28221824744457e-304,  8589934592, 1.67997198804499e-59, -1.40461656607262e+306, -1.576189161171e+305,  3.93746578843775e+92, 9.07652344884238e+223, 2.8169212914334e+209,  2.81700905511843e+209, -6.01709482180478e+305, 8.30987219517939e-246,  -7.29112200666798e-304, 8.30987197353511e-246, 8.30987219517939e-246,  8.30987219484639e-246, NaN, 1.24282154636447e+214, 2.73349246602624e+161,  1.375625612038e+214, 4.87620583420803e-153, 2.47108327836454e-312,  6.08467865581359e-92, 7.17736927420372e-304, 6.08468101032297e-92,  9.73041429186794e-72, 6.08465185495559e-92, 9.73041597848758e-72,  NaN, NaN, NaN, NaN, NaN, NaN, -4.7159152911673e+304, NaN, NaN,  NaN, NaN, NaN, 6.96379503244098e-310, 7.28221824744457e-304,  NaN, 7.2911220195564e-304, -1.61801130333396e-24, NaN, NaN, NaN,  -1.8960044781751e+307, NaN, NaN, 1.6199286515505e-59, -6.89903270585992e-310,  6.08468104465724e-92, 2.7266399319037e-312, -5.82845006727233e+303,  1.19664487152878e+103, 1.19453052921364e+103, NaN, NaN, NaN,  NaN, -9.71048927522599e-268, NaN, NaN, 2.0760479144483e+301,  -9.18652011073807e+306, NaN, 2.73737457034026e-312, 7.00767890008367e-310,  NaN, NaN, NaN, NaN, 6.08468112466636e-92), y = c(8.58133400261844e-246,  1.42892872559764e-284, -1.53891158682672e+305, 5.36695816425669e+145,  6.08467906730551e-92, Inf, 2.84809590087765e-306, -1.53632900827105e+305,  -2.38324362236693e+260, NaN, Inf, NaN, 8.30987220059513e-246,  NaN, 1.42873423644219e-101, -1.33844283137785e+306, 2.44448195677414e-310,  7.23113375553148e-68, 4.36116391423288e-306, 2.92278722045431e-306,  8.72417724411016e+298, 2.8985233875704e-70, 2.91371240326559e-306,  NaN, 1.14439567659643e-72, 4.33776138720104e-306, NaN, 2.0760479144483e+301,  8.40073338950362e-246, 2.71723641421108e-312, NaN, NaN, -1.89600447816683e+307,  9.7304228943013e-72, 1.04887323858447e-274, 2.87663681504842e+209,  -4.80143005247854e+304, -1.11235443761558e-308, NaN, NaN, NaN,  -1.89573074330351e+307, 9.67139917824893e+25, 2.79418945783688e+232,  1.70176739763611e+214, 2.13553334696179e+233, -2.38318614443425e+260,  1.31135390768075e+222, 1.12408812087022e+79, 3.68701941301911e+228,  8.30987219517963e-246, -1.11235454579576e-308, Inf))
result <- do.call(remote:::corC,testlist)
str(result)