testlist <- list(x = c(NaN, NaN, 2.84821676298706e-306, 2.27965775548608e+58,  NA, -1.89581160816873e+307, 3.77009287775766e+146, -2.72397687142787e-312,  1.33387214147145e+58, 9.45694584892138e-308, -5.66877427927406e+303,  1.42873423645201e-101, -1.33844283137785e+306, 8.31022712171971e-246,  NaN, NaN, 5.48611622079704e+303, 6.08468112466627e-92, 9.73041597848758e-72,  -9.80559808790671e-309, 2.81724197605566e+209, 8.31381035776562e-275,  8.3138050000614e-275, 8.3138050000614e-275, 8.3138050000614e-275,  2.84809453893051e-306, 6.08468101032297e-92, -1.89326034463213e+307,  9.7304228943013e-72, 1.01858529362882e-71, 2.73886860329595e-57,  3.02542414629125e-306, NaN, -3.70267542316793e+304, -1.68303822679117e+212,  Inf, 6.08467820915205e-92, 9.73042289430147e-72, 1.01858529362882e-71,  NaN, 3.02542414629125e-306, -5.77944934555705e+303, 7.18658753874646e-68,  -5.48612669487989e+303, 6.08467906733369e-92, NaN, NaN, -1.65415927672034e-24,  7.1758597169641e-304, -1.63754507718941e-24, 4.36116648835356e-306,  2.12199579047121e-314, 9.88131291682493e-324, 0), y = c(3.74609966156997e-270,  NaN, -5.4861267052189e+303, NaN, NaN, NaN, Inf, -3.23597286758348e-93,  NaN, 8.31093259286469e-246, 8.30987219517939e-246, -1.61802081000168e-24,  -5.66895038832828e+303, NaN, 3.79212841259014e+146, 6.95335622348087e-310,  -1.61801130333396e-24, NaN, 7.29111855011283e-304, -5.4861267052189e+303,  NaN, 8.30987219442544e-246, 3.01914437560743e-306, 8.72417724411016e+298,  -1.40478996944063e+306, NaN, 3.02610044756979e-306, 6.08468101032297e-92,  -1.89326034463213e+307, 6.9639649578874e-310, -1.61801130333396e-24,  -1.36055956954468e+306, 2.06400484714817e-314, 0, 2.70568981194476e-305,  4.77830972673648e-299, -5.48612406879369e+303, -5.48647536732276e+303,  NaN, 1.39066544212522e-309, -1.89581161081075e+307, NaN, -7.29109409744118e-304,  6.43887056339146e+144, 1.78812621405294e-130, 1.68074182211789e+117,  4.20016659621653e+180, 3.68415141070716e+180, 9.73042026945108e-72,  4.77830791278646e-299, -2.38318614444471e+260, 6.08465185279746e-92,  9.73041597848758e-72, 5.84052604316225e-308, 3.11137840468525e-319,  0, 0, Inf, -3.29167443310125e+304, 1.01854281104598e-71, -1.65234095232781e-24,  9.62165903814406e-72, -1.13721019963807e-24, 9.7321933426132e-72,  NaN, -1.65436122510606e-24, 8.72233297670711e-306, 2.73737457034026e-312,  4.64775945105517e-281, 8.30987219517939e-246, 8.30987219517939e-246,  8.30987219517939e-246, 8.30985037171848e-246, 3.43836666477644e-245,  4.50479074354519e-265, 8.30987219517939e-246, 1.93718918035744e-308,  8.30088070610693e-246, 1.90172134812856e+145, 9.73041595731998e-72,  1.78812621405863e-130, 1.68074182211789e+117, NA, 3.68415141070716e+180,  1.38524947824919e-309, -1.83812511586118e+307, -3.33212089071025e+305,  2.15069497417506e-105, NaN, Inf, NaN, 1.42873423910252e-101,  7.14367119551361e-102, NaN, -5.14052554711035e+198, 7.16569432813255e-246,  -1.23569204615211e+39, -2.98414806360988e+284, 0))
result <- do.call(remote:::corC,testlist)
str(result)