testlist <- list(x = c(2.75909156861325e-306, -1.89600340666652e+307, -6.24349700723321e+144,  NaN, NaN, 6.0846790787044e-92, 3.79212841256663e+146, -5.65488929794712e+303,  2.50087072840768e+198, -3.23597469046009e-93, -1.1123547874305e-308,  NaN, NaN, 2.91371192394423e-306, NaN, 3.87069807020594e+233,  1.70176739763611e+214, 1.69375439164922e+190, 3.07839226128608e+169,  -6.88780618259754e+305, -2.73737457034026e-312, 1.33387214147145e+58,  8.30987197269923e-246, 8.30987219517939e-246, 8.57356943797534e-246,  8.30987219517939e-246, 8.30987219517939e-246, 7.22733411550383e-68,  -7.35724094540915e+274, 0, 3.39519326554444e-313, -2.57365870985897e-29,  4.36116648835356e-306, 2.99939362779126e-241, 8.30987219517939e-246,  1.66226913261606e-309, -2.3831861444446e+260, 2.91963936937974e-68,  2.06400484714817e-314, 0, 2.73697604584914e-312, -5.48706059242985e+303,  2.73730770879214e-312, -1.89581161081075e+307, 3.79209221064308e+146,  2.72397687142787e-312, -1.85166799265645e+307, NaN, 2.44448195553463e-310,  1.00797316970836e-71, 1.01858529544482e-71, NaN, -5.4861267052189e+303,  6.08467906733369e-92, NaN, 3.14937205285044e-319, 0, 3.79837246582784e-312,  1.08646184497422e-311, -1.65415927671432e-24, 1.01854281133781e-71,  -6.89882067690585e-310, NaN, -8.42668656914186e+307, NaN, 8.31092822817349e-246,  8.30987212698107e-246, 3.81512381134243e-236, NaN, 8.30987219517729e-246 ), y = c(6.87144677083491e-310, -3.62932812453647e-29, 2.75909156861325e-306,  2.22507385848135e-307, -5.79418279327991e+303, 1.42873423910284e-101,  -8.42668656914186e+307, 6.87144677082439e-310, -1.23745249771052e+294,  2.84844221194315e-306, NaN, NaN, Inf, NaN, NaN, 6.0846790787044e-92,  3.79212841256663e+146, -5.65488929794712e+303, 2.50087072840768e+198,  -9.71048924539206e-268, NaN, NaN, NaN, 2.91371192394423e-306,  NaN, -9.71048924507615e-268, NaN, 7.29112200947692e-304, 1.25567413720257e+299,  NaN, 2.81700905511323e+209, 2.81700905511843e+209, 3.6888991929611e+19,  9.73041597848767e-72, 8.3098763211777e-246, 8.30987219517939e-246,  8.30987219517939e-246, 1.4786179758636e+82, -7.35724094540954e+274,  0, 3.39519326554444e-313, -Inf, 6.56083607051727e-303, 5.69707910729511e-304,  0, 1.3262473693533e-315, -5.48612668483732e+303, 1.42873423909249e-101,  8.40073338930382e-246, 2.71723641421108e-312, 2.73731174226502e-312,  -5.50487376760633e+303, 2955339079057408, 7.28222171059464e-304,  8.30987207036756e-246, 8.30987219517939e-246, 8.30987219517939e-246,  8.30987219517939e-246, NaN, 7.18658753874647e-68, 7.3018356737941e-87,  0))
result <- do.call(remote:::corC,testlist)
str(result)