testlist <- list(x = c(2.0760479144483e+301, 1.25986739689518e-321, 1.13195988485334e-72,  1.59279699080482e-317, 0, 1.39064994160909e-309, 0, 0, -2.38318614213576e+260,  1.09889863630876e-255, -8.06559990102162e-308, 9.73041597848758e-72,  9.73219500208909e-72, -5.53883388827818e+304, 7.00747250931263e-310,  -2.38344303979819e+260, 1.01854281104598e-71, Inf, 5.22002680210694e-312,  0, 0, 2.84809453888922e-306, -1.53632900827105e+305, 8.30987219517748e-246,  8.30987219517939e-246, 8.30987219517939e-246, 6.87964986137084e-246,  8.30987219517939e-246, 8.30987219517942e-246, 8.30987219517834e-246,  -1.31300036889095e+222, 1.42902270105212e-284, -9.96108017196658e+303,  -1.60266243836463e-24, 3.77009287526151e+146, NaN, 2.66236341863013e-191,  9.73041747539649e-72, NaN, NaN, NaN, 2.73737457034026e-312, 4.64775945105517e-281,  8.30987219517939e-246, 8.30987219517939e-246, 8.30987219517939e-246,  8.30985037171848e-246, 3.43836666477644e-245, 4.50479074354519e-265,  8.30987219517939e-246, NA, 8.30088070610693e-246, -1.89574415620948e+307,  6.96793412074775e+252, -1.63754507718942e-24, NaN, 2.12199579047121e-314,  9.88131291682493e-324, 0), y = c(2.92141017653395e-306, -1.53632900827105e+305,  3.93746578843775e+92, 9.07652344884238e+223, 8.31093012730036e-246,  8.30987219517939e-246, 8.58077968694432e-246, 8.30987219517939e-246,  6.87964986137084e-246, 8.30987219517939e-246, 8.30987219517942e-246,  8.30987219517834e-246, -9.96376942236467e+303, NaN, NaN, NaN,  NaN, 8.30987219517939e-246, 8.30987219517939e-246, 9.62204763974535e-72,  -1.61801080538925e-24, 5.3669597612069e+145, 6.97338079086e-310,  7.28221824744457e-304, 9.456945848961e-308, -5.66877427927406e+303,  1.42873423645201e-101, -1.33844283137785e+306, 8.31022712171971e-246,  -Inf, NaN, NaN, 6.08468112466627e-92, 9.73041597848758e-72, -9.80559808790671e-309,  7.21213945870248e+211, 8.35060328003051e-246, 8.30987219484639e-246,  8.31001623002135e-246, 8.30540275038623e-246, 2.8179045832175e-242,  -5.48619694962163e+303, 8.30987205798015e-246, -2.04220126168443e-301,  -2.04220038872469e-301, NaN, -6.24347319050751e+144, 6.136366831585e-92,  NaN, -3.70313374230023e+304, NaN, 2.67227007454578e-310, 0, -5.48612406879369e+303,  1.25986739689518e-321, 0, 0, 2.44448192438246e-310, -1.65234095246022e-24,  3.02554687395674e-306, 2.84878976832877e-306, -9.32855360703743e+304,  2.88229907578861e-306, -1.40444776422717e+306, -3.70313373826227e+304,  5.43230898455263e-312, 3.74609966154242e-270, NaN, -5.4861267052189e+303,  NaN, NaN, NaN, 8.06559990166926e-308, -3.23597286758348e-93,  NaN, 8.31093259286469e-246, 8.30987219524234e-246, -1.53891158682672e+305,  5.36695816425669e+145, 6.08467906730551e-92, 3.79204267118609e+146,  1.70176739763611e+214, -1.53632900827105e+305, -2.38324362236693e+260,  NaN, NaN, NaN, 2.71726274412052e-312, -Inf, 5.48611621061962e+303,  -1.65415927672034e-24, NaN, 3.0260922902781e-306, NaN, 4.49793365244924e-265,  8.30987219517939e-246, 1.93718918035744e-308, NaN, 0))
result <- do.call(remote:::corC,testlist)
str(result)