testlist <- list(x = c(9.73042289430134e-72, 5.98145364935339e-92, 6.96379502920312e-310,  -8.06559990102162e-308, 9.73041594488432e-72, 8.06559973583622e-308,  9.73041595147268e-72, NaN, NaN, NaN, NaN, NaN, NaN, NaN, NaN,  NaN, NaN, NaN, -9.56521008315303e-308, -2.38318614442688e+260,  NaN, NaN, 1.33387214147152e+58, -1.00876062156849e+307, 1.1955512433791e+103,  -5.60041832022689e+303, -7.2911220195564e-304, NaN, NaN, NaN,  NaN, 2.71616918267848e-312, NaN, 3.02366948919166e-306, -3.47306048135437e-164,  7.18658753874647e-68, NaN, -1.53619373618252e+305, 5.36695816425669e+145,  2.91371240326559e-306, -2.38318614214471e+260, 6.08465185279746e-92,  9.73041597848758e-72, NaN, 1.74003654858658e-312, 1.20270650897953e-72,  9.73041596941758e-72, 2.42092166462211e-322, -3.29167443310125e+304,  1.01854281104598e-71, NaN, -1.36038732768883e+306, NaN, 2.87663682115927e+209,  6.91764124083958e+252, -1.63754507718942e-24, 6.95505312654137e-310,  -1.61801130333396e-24, 3.77009287526242e+146, NaN, NaN, NaN,  NaN, NaN, NaN, NaN, NaN, NaN, NaN, NaN, NaN, -1.33844216226744e+306,  2.44448195677414e-310, 7.23113375553148e-68, 4.36116391423288e-306,  2.81700996496593e+209, -5.63000036177431e+303), y = c(6.0846790787044e-92,  NaN, -3.62751069008621e+265, 2.50087072840769e+198, -3.23597469046009e-93,  -1.1123547874305e-308, NaN, NaN, 2.91371192394423e-306, NaN,  3.87069807020594e+233, 1.70176739763611e+214, 1.69375439164922e+190,  3.07839226128608e+169, -6.88780618259754e+305, -2.73737457034026e-312,  1.33387214147145e+58, 8.30987197269923e-246, 8.30987219517939e-246,  8.30987219517939e-246, 8.30987219517939e-246, 8.30987219517939e-246,  7.22733411550383e-68, -5.55540605338673e+303, NaN, -1.05658892647582e+270,  -3.70306259156729e+304, 2.2250738585072e-307, 9.73042292790446e-72,  1.04887323858447e-274, 1.68324348536672e+212, 2.81700905511843e+209,  2.29062228217615e+58, 9.72999263764947e-72, -2.38318614443347e+260,  2.71988459588516e-312, -5.486359502185e+303, 9.73041595136674e-72,  9.73041595147278e-72, -4.93750832967161e+304, -5.48612670514148e+303,  -1.65436122466068e-24, -1.65436056873883e-24, -7.34356259293696e+211,  2.22724719963336e-310, -3.78652030801685e-29, 2.75909156861325e-306,  2.22507385848135e-307, -5.79418279327991e+303, 1.42873423910284e-101,  -8.42668656914186e+307, 6.08576708267566e+250, 8.14389217554756e+62,  9.72999263764947e-72, -6.75724390599207e-307, 3.87094914132226e+146,  NaN, -1.07567563004113e-204, NaN, NaN, 9.73110518534796e-72,  -9.91484614213072e-268, NaN, 1.6688053938804e-308, -9.87501635876109e+304,  9.26369960067027e+25, 8.90389806611905e+252, NaN, -5.48612668478166e+303,  7.00752970049203e-310, 6.08576708267566e+250, 8.30987219517939e-246,  Inf, NaN, 3.13138872263546e-294, 2.72025801402041e-312, -1.82998397017876e-28,  3.79204267117644e+146, 2.67026296472841e-306, 3.98886459445474e-122,  NA))
result <- do.call(remote:::corC,testlist)
str(result)