testlist <- list(x = c(-1.27733779809449e+294, 9.73109656591928e-72, 8.63480348398601e+298,  -1.42858912517228e-101, NaN, NaN, 3.77133099480629e+146, 3.79212874880738e+146,  -5.50500296546704e+303, -4.66320197594086e+304, Inf, NaN, NaN,  NaN, -1.26180853909253e+305, NaN, NaN, -1.53578770545649e-27,  2.81700905511848e+209, 1.97966997109207, 4.36116648835356e-306,  NaN, 2.85746629813031e-100, 2.20783890477933e+208, NaN, -1.53632900827105e+305,  8.30987219431032e-246, 8.30987219517939e-246, NaN, NaN, 9.73041595145981e-72,  NaN, 2.71619573387004e-312, -7.92441796173047e+269, -1.24412568705765e+294,  3.6939702729123e-310, NaN, -5.48612668837393e+303, 7.18658753874646e-68,  9.73041595136674e-72, -5.48612668870894e+303, 7.18658753874646e-68,  9.73041595136674e-72, 5.43230922468335e-312, 3.79837246582784e-312,  -7.10323820767685e+211, 5.41888126748629e-312, 8.84377506055831e-322,  -Inf, -1.89326034463213e+307, 9.7304228943013e-72, NaN, 2.84809454423552e-306,  -1.53632900827105e+305, 5.36695817957324e+145, 2.91371240326559e-306,  3.79243664096564e+146, NaN, -1.42806234662016e-105, NaN, -1.02911671482702e+270,  -3.6944905227098e+304, NaN, -5.14052554711035e+198, -2.88947894982516e+207,  -5.48746014376667e+303, 1.42873423688862e-101, -9.71048927522645e-268,  -Inf, 1.78812707213916e-130, 2.19508751156436e-307, -7.34356227824488e+211,  4.57774119321322e-246, 4.83934831329708e-246, NaN, NaN, NaN,  NaN, NaN, NaN, NaN, 0), y = c(9.73041595136716e-72, -7.06951161660472e-304,  -7.58397503561379e+307, -1.89600340666652e+307, 1.38792309412619e-309,  -7.3435622782401e+211, NaN, NaN, NaN, 2.81700871410019e+209,  2.81700905511843e+209, -5.63000036177431e+303, 8.31011085431467e-246,  NaN, NaN, NaN, 7.23040377724053e-308, 1.42855983438274e-101,  -3.70313374643574e+304, -1.65436122510606e-24, 9.7321933426132e-72,  NaN, NaN, NaN, NaN, NaN, 2.0760376877704e+301, NaN, -1.27733235918918e+294,  NaN, -3.70313374643574e+304, -7.29112201951702e-304, NaN, 7.29112200947692e-304,  1.25567413720257e+299, NaN, 2.81700905511323e+209, 2.81700905511843e+209,  -2.48073789338234e-265, NaN, 2.71615477559085e-312, NaN, NaN,  NaN, NaN, NaN, NaN, -1.65415927672038e-24, 7.1758597169641e-304,  NaN, NaN, 0, 7.14694043752223e-304, -5.48612668483732e+303, NaN,  NaN, NaN, NaN, 2.81692175444832e+209, 2.81700905511843e+209,  1.22021305244567e-306, -2.38318614444478e+260, -5.66895038836758e+303,  1.42873423910284e-101, NaN, 6.9534610787199e-310, 7.23113375553131e-68,  -1.1371713938747e-24, 9.7321933426132e-72, -7.35710321553027e+307,  8.28904556439245e-317, 0))
result <- do.call(remote:::corC,testlist)
str(result)