testlist <- list(eps = 5.46294718600086e+83, x1 = c(-2.937446524423e-306,  -2.937446524423e-306, -2.937446524423e-306, -2.93745467288683e-306,  5.25663347641605e+83, 5.25663347308138e+83, NaN, 5.25663347305907e+83,  5.25663347308138e+83, 5.25663347308138e+83, 5.25900489506896e+83 ), x2 = c(5.25663363591401e+83, 5.25663347308138e+83, 5.25663347308138e+83,  5.25663347308138e+83, 5.25663347308138e+83, 5.25663347308138e+83,  5.25663347308137e+83, 69.2705882352941, 5.25663347308138e+83,  -5.92404004039673e-304, -2.937446524423e-306, -2.937446524423e-306,  -2.93744652442818e-306, -1.39922629230473e-166, -4.11195650531554e-205,  -2.937446524423e-306, -2.93748455058757e-306, -2.93744652968654e-306,  5.31258043260014e+83, 5.25663347308138e+83, 5.25663347308138e+83,  5.25663347308138e+83, 5.25663347308138e+83, 5.25648062752359e+83,  5.25663347308138e+83, 5.25663347308138e+83, 5.25663347308138e+83,  NA, 5.25663347308138e+83, 5.25663347308138e+83, 5.25663347308138e+83,  5.25663347308138e+83, 5.25663347308138e+83, 5.25663347308138e+83,  5.25663347308138e+83, 5.25663347308138e+83, 5.31236188978952e+83,  -2.88030084690739e-306, -2.937446524423e-306, NA, -2.937446524423e-306,  -2.93741664672226e-306, -2.93744619551365e-306, -2.937446524423e-306,  -2.937446524423e-306, -2.937446524423e-306, -2.937446524423e-306,  -2.937446524423e-306, -2.937446524423e-306, 1.9928889795429e+171,  5.25663347641608e+83, 5.25663347308138e+83, 5.25663347308138e+83,  5.25663347307641e+83, 5.25663347308138e+83, NA, 5.25663347311672e+83,  5.25663578892317e+83, 5.25663347308138e+83, 1.51771079754786e+82,  5.25663347308138e+83, 5.25663347308138e+83, 5.25663347308138e+83,  5.25663347308138e+83, 5.25663347308138e+83, 5.25663347308138e+83,  5.25663347308138e+83, 5.25663347308138e+83, 9.69677723672273e+102,  0), y1 = c(5.25663347308138e+83, 5.25722632857828e+83, 5.25663347308138e+83,  5.25663347308138e+83, 2.90463759223481e-306, 5.25663347305894e+83,  5.25663347308138e+83, 5.25663379874664e+83, 5.25663347308138e+83,  5.25663347308138e+83, 5.25663347308138e+83, 5.25663347308138e+83,  5.25663347308136e+83, 5.25663347308138e+83, 2.35715597227116e+40,  5.25663347308138e+83, 5.25663347308138e+83, 5.25663347308138e+83,  5.25663347308138e+83, 5.25663347308138e+83, 5.25663347308138e+83,  5.25663347308138e+83, 5.25663347308138e+83, 5.27323342699445e+83,  5.25663347308138e+83, 5.25663347308138e+83, 5.25663347308138e+83,  5.25663347308138e+83, 5.25663347308138e+83, 5.25663347308138e+83,  5.25663347308138e+83, 5.25663347308138e+83, 5.25663347308138e+83,  5.25650841762501e+83, 5.25663347308138e+83, 5.25663347308138e+83,  5.25663347308138e+83, 5.25663347308138e+83, 5.25663347308138e+83,  NA, 5.25663347308138e+83, 5.25663347308138e+83, 5.25663347308138e+83,  5.25663347308138e+83, NA, 1.54478573798763e+45, 5.25663347308138e+83,  5.25663347308138e+83, 5.25663346961836e+83, 5.25663347308138e+83,  5.25663347308138e+83, 5.25663347308138e+83, 1.17226843685255e+127,  5.25663347308138e+83, 5.25663347308138e+83, 5.25663347308138e+83,  5.25663347308138e+83, 5.25663347308138e+83, 5.25663347308138e+83,  5.25663347308138e+83, 5.25663316550865e+83, -1.5717550043653e+281,  -2.93744652896117e-306, -2.937446524423e-306, -2.95969726300807e-306,  -2.93746282135067e-306, -2.93744683211239e-306, -2.93744674723255e-306,  -2.93728355514625e-306, 0), y2 = c(5.25663347308136e+83, 5.25663347308138e+83,  5.25663347308138e+83, 5.25663347308138e+83, 5.2566334730814e+83,  5.25663347308138e+83, 5.25663347308138e+83, 5.25663347308138e+83,  5.25663347308138e+83, 5.25663347308138e+83, 5.25663347308138e+83,  5.25663347308138e+83, 5.25663347308138e+83, 5.25663347308138e+83,  1.65841072343682e+84, 5.25663347308138e+83, 5.25663347308138e+83,  5.25663347308138e+83, 5.25663347308138e+83, 5.25663347308138e+83,  5.25663347308138e+83, 5.25663347308138e+83, 5.25663347308138e+83,  5.25663347308138e+83, 5.25663347308138e+83, 5.25663347308138e+83,  5.25663347308138e+83, 5.25663347308138e+83, 5.25663347308138e+83,  5.25663347308138e+83, 5.25663347308138e+83, 3.85330437614424e-307,  5.25663347630993e+83, 5.25663347371745e+83, -7.13564956472762e-304,  5.25663347308138e+83, 5.25663347308138e+83, 5.25663347308138e+83,  5.25663347308138e+83, NA, 2.47654572933556e+83, 5.25663347541362e+83,  -3.02192844445957e-306, -2.937446524423e-306, -2.937446524423e-306,  6.98062386982807e-310, -1.0503046674541e-305, -7.65495213565175e-306,  -2.937446524423e-306, -2.9374466729627e-306, 3.34501772392586e-28,  5.25663347144951e+83, 5.25663347308138e+83, 5.25663347308138e+83,  5.25663347308138e+83, 5.25663347308138e+83, 5.25633241364937e+83,  5.25663347308138e+83, 5.25663347308138e+83, 5.25663347308138e+83,  5.25663200758773e+83, 5.25663347308138e+83, 5.25663347308138e+83,  5.25663347308138e+83, 4.95309145867111e+83, 5.25663347308138e+83,  5.25663347308138e+83, 5.25663347308138e+83, 5.25663347308138e+83,  0))
result <- do.call(gear:::eucdist2,testlist)
str(result)