testlist <- list(eps = 0, x1 = c(5.27978528668767e+241, 5.55737183113213e-57,  4.0553553483515e-151, 7.79580491733706e-42), x2 = c(1.92859137247324e-168,  -1.46214310286058e-23, 3.63971039082897e+119, -9.25066123152341e-33,  -4.6966361612511e-67, 1.97103540048352e-168, -2.23339371924171e-91,  3.30704017035813e-257, 3.39469225805183e+134, -1.1557479839257e+282,  -2.58992536382475e+161, 2.62477117580686e-304, 1.92859137247324e-168,  -6.29179727489275e+37, -6.3219126011292e+37, -1.66838472121052e-147,  9.65491613598144e-306, 22858.2133024065, -Inf, -2.8216029435452e-266,  2.96028620080365e-299, 1.92859194061106e-168, 1.92859137247324e-168,  1.92859137247324e-168, -1.46214310286058e-23, 3.63971039082897e+119,  -9.25066123152341e-33, -4.6966361612511e-67, -2.02469334935347e+144,  6.1244461248192e+307, 1.0527185854818e-314, 0, -8.76565315804457e-244,  1.63920633237225e+68, 3.12377786073991e-115, 9.8820258034891e-217,  1.92859137247324e-168, -3.62614213685151e+265, -7.14754307476965e-22,  3.19469238205929e-38, 1.43952099721435e-232, -1.01348296945247e-293,  -3.0515167874106e-295, 3.87405184898749e-161, 1.92859137247324e-168,  2.6876181403886e-291, 4.22331475239557e-168, -3.87690964251515e+92,  1.96582485230589e-168, 1.92859137247324e-168, 1.92859137247324e-168,  -2.2331562430374e-91, 3.30704017035813e-257, 7.81137561066291e-289,  6.429530814007e+91, -652334.765317504, -3.93614045954172e+66,  -2.0984098670503e+251, 1.7763879994185e-103, 3.10673888773823e+67,  -6.24713737730476e+37, -6.32191260112917e+37, 9.61001624183863e+30,  -6.51980787389464e-92, 1.92859137247324e-168, 1.92859137247324e-168,  9.59133303070385e-82, 5.20987378228729e-117, 9.83714058420233e-166,  1.92859137247324e-168, 1.92859137247324e-168, 1.92859137247324e-168,  -1.58740477352632e-78, 5.31493800845617e-162, -2.83890369439333e+306,  1.0475739505786e-135, -6.32191260112919e+37, -6.3219126011292e+37,  -6.3219126011292e+37, -6.3219126011292e+37, 0), y1 = c(7.21806414701515e-153,  1.18483157279974e+132, 6.4863598117422e-252, -5.66984486067304e-135,  -Inf, -1.00690656345843e-273, 3.47680784492405e-308, 4.10065314483161e+87,  -8.08709702443532e+54, -1.43447304268691e-161, 1.96539313915648e-319,  5.48612406879369e+303, 0, -3.01136656527689e+143, -1.2991304804189e+241,  1.20695523931594e-309, 3.32562378928678e+80, -1.04944149130577e-291,  -6.66533140513312e+260, -2.76567040080891e+248, Inf, -1.4809046047621e+305,  -1.02657345986446e+87, 95.7774360421032, -1.75404558594899e-182,  -1.79664672923926e-68, 1.43037438380161e-95, -4.73023863808315e+145,  1.33181753551973e+232, -9.61634012176309e+240, -2.58448201309217e-97,  -2.33200568340261e+34, 1.18483157279974e+132, -5.22684006384354e+300,  -6.52900827607242e-292, -9.12273653838031e+239, -6.30873975458971e-145,  0), y2 = c(0, 0, 0, 0, 0, 0, 0, 0, 0, 0, 0, 0, 0, 0, 0, 0, 0))
result <- do.call(gear:::eucdist2,testlist)
str(result)