testlist <- list(eps = -2.28952977607054e-265, x1 = Inf, x2 = c(-6.08857923029952e+168,  8.404867973113e-310, -3.81783161916119e+170, 1.37847890186413e-15,  6.18276754491895e+172, 1.48070253716044e-18, 4.93859777204042e+220,  2.48171363068103e-207, -3.62343635963315e+72, -1.79906803147146e+159,  1.71756774683303e-136, 2.80056427902875e+202, 5.23821059486636e+134,  -1.07002243102713e-151, 1.23387940430192e-178, 5.527649954334e+303,  -8.99501638990419e-227, -3.30454338512553e-220, 0.00326457501838524,  -2.65609548953069e+244, -3.57191934071357e+190, NaN, 3.76512197955142e+111,  1.28048064067193e-287, -6.74413558410675e+150, 1.90047712309943e+41,  -1.4622812979074e-23, 3.63973809400242e+119, -2.49234530561399e-32,  1.53075469251552e+25, -8.31048472713604e-67, -2.02469334935347e+144,  6.12444557232257e+307, -5.66998131753166e-135, -3.30785572908108e+263,  -1.00690656345843e-273, -5.35234554593566e+45, 1.40019758684806e+91,  -1.77066895897366e+55, -3.64981379170746e-164, -5.06600426499913e+235,  2.47940155521941e+87, -7.32599068263168e-165, -7.01479897421834e+64,  -1.31859026327016e+88, -9.67272565965892e+300, 2.13257877418747e-305,  -2.38884237765089e-10, -2.37294829344892e-177, 4.53801769043791e+279,  -2.50732863217308e+35, -5.84835040303816e-283, 4.98471316782431e-262,  9.22197626007745e+159, -8.05928946403299e+257, -3.34092611734015e+144,  -0.00177005750770453, 6.81505309571102e-20, 1.2635865117922e+117,  1.37111655552297e-306, -9.09843453744056e+303, -3.77795520834047e-107,  -1.65387028637673e-79, 9.47636927860496e-282, 3.12693713634373e+307,  1.11912927341709e-64, 6.74564040211851e-304, 3.63430110643422e+142,  4.85117622724671e+20, -4.24641021356992e-24, NaN, 3.76512197955142e+111,  1.28048064067193e-287, -2.72609344082562e+244, -3.57191934071357e+190,  3.35934133470447e-306, 7.89485077018987e-77, 2.26913546060445e-246,  4.3999148892391e-229, 1.14935825540514e+262, 9.09252079371779e-172,  1.65646662424464e-91, 2.77067322468006e+114, 6.44719590123194e+27,  -1.82639555575468e-07, -4.2372858822964e-119, -1.19043356885614e+85 ), y1 = c(-6.51422120768367e-18, 3.34342899378621e+273, -5.91713218392813e-103,  1.2979591847538e+265, -2.18015910745342e-106, -3.10069909912356e-173,  -1.85984829811369e-35, -1.95893923264481e-77, -7.57690622484105e+160,  1.77288451463919e+81, 7.30351788343351e+245, 1.14935825540514e+262,  9.09252079371779e-172, 1.65646662424464e-91, 7.31146827846182e+113,  6.44719590123194e+27, -1.82639555575468e-07, -4.2372858822964e-119,  -1.19043356885614e+85, 3.31651557369585e-262, 1.82363221083299e-238,  -2.6978807315296e+101, -4.63974408638631e-292), y2 = c(4.35812421290471e+289,  1.11765367033464e-296, 1.4017875760294e+223, 1.62626643530022e-307,  1.46950620900256e+302, 4.11932782999429e-175, -3.85515401974544e+79,  -3.02137085628709e+143, -1.07335709985308e+237, 1.20695523931594e-309,  3.32562378928678e+80, -1.04944149130577e-291, -2.04474072261993e+169,  -1.24299680236504e+248, 9.70815500676051e+204, 4.46572320545082e-23,  -2.01162543587747e+289, 3.02366187763967e-130, -6.64955500387795e-11,  1.15459524701512e+176, -2.94536253771162e+296, -1.17006330315102e+108,  1.48489746710458e-156, 6.89130616360192e-308, 1.64198306496323e-167,  4.64519619034754e-266, -1.04677020008694e+75))
result <- do.call(gear:::eucdist2,testlist)
str(result)