testlist <- list(eps = 0, x1 = c(1.30762902186314e-163, 1.30750514675593e-163,  1.30750514675593e-163, 1.30750514675593e-163, 1.30750514675593e-163,  1.30750514675593e-163, 1.30750514675593e-163, 1.30750514675593e-163,  1.30750514675593e-163, 1.30750514675593e-163, 4.18837432189591e-308,  1.30750514645154e-163, 1.30750514675593e-163, 1.30750514675593e-163,  1.30750514675593e-163, 1.30750514675593e-163, 1.30750514675593e-163,  1.30750514675593e-163, 1.30750514675593e-163, 1.30750514675593e-163,  1.30750514675593e-163, 1.30750514675593e-163, 1.30750514675593e-163,  1.30750514675593e-163, 1.30750514675593e-163, 1.30750514675593e-163,  1.30750514675593e-163, 1.30750514689744e-163, 1.30750514675593e-163,  1.30750514675593e-163, 1.30750514675593e-163, 1.30750514675593e-163,  1.30750514675593e-163, 1.30750514675593e-163), x2 = c(1.30750514675593e-163,  1.30750514675593e-163, 1.30750514675593e-163, 1.30750514675593e-163,  1.30750514675593e-163, 1.30750514675593e-163, 1.30750514675593e-163,  1.30750514675593e-163, 1.30750514675593e-163, NaN, -1.68324509376156e+212,  2.14528755528483e+145, 0, 0, 0, 0, 0, 0, 0, 0, 0, 0, 0, 0, 0,  0, 0, 0, 0, 0, 0, 0, 0, 0, 0, 0, 0, 0, 0, 0, 0, 0, 0, 0, 0, 0,  0, 0, 0, 0, 0, 0, 0, 0, 0, 0, 0, 0, 0, 0, 0, 0, 0, 0, 0, 0, 0,  0, 0, 0, 0, 0, 0, 0, 0, 0, 0, 0, 0, 0, 0, 0, 0, 0, 0, 0, 0, 0,  0, 0, 0, 0, 0, 0, 0, 0, 0), y1 = c(1.30750514675593e-163, 1.30750514675593e-163,  1.30750514675593e-163, 1.30750514675593e-163, 1.30750514675593e-163,  1.30750514675593e-163, 1.30750514675593e-163, 1.30750514675593e-163,  1.30750514675593e-163, 1.30750514675593e-163, 1.30750514675593e-163,  1.30750514675593e-163, 1.30750514675593e-163, 1.30750514675593e-163,  1.30750514675593e-163, 1.30750514675593e-163, 1.30750514675593e-163,  1.30750514675593e-163, 1.30750514675593e-163, 1.30750514675593e-163,  1.30750514675593e-163, 1.30750514675593e-163, 1.30750514675593e-163,  1.30750514675593e-163, 1.30750514675593e-163, 1.30750514675593e-163,  1.30750514675593e-163, 1.30750514675593e-163, 1.50689968163621e-161,  1.30750514675593e-163, 1.30750514675593e-163, 1.30750514675593e-163,  1.30750514675593e-163, 1.30750514675593e-163, 1.30750514675593e-163,  1.30750514675593e-163, 1.30750514675593e-163, 1.30750514675593e-163,  1.30750514675593e-163, 1.30750514675593e-163, 1.30750514675593e-163,  1.30750514675593e-163, 1.30750514675593e-163, 1.30750514675593e-163,  1.30750514675593e-163, 1.30750514675593e-163, 1.30750514675593e-163,  1.30750514675593e-163, 1.30750514675593e-163, 1.30750514675593e-163,  1.30750514675593e-163, 1.30750514675593e-163, 1.30750514675593e-163,  1.30750514675593e-163, 1.30750514675593e-163, 1.30750514675593e-163,  1.30750514675593e-163, 1.30750514675593e-163, 1.30750514675593e-163,  1.30750514675593e-163, 1.30750514675593e-163, 1.30750514675593e-163,  1.30750514675593e-163, 1.30750514675593e-163, 1.30750514675593e-163,  1.30750514675593e-163, 1.30750514675593e-163, 1.30750514675593e-163,  1.30750514675593e-163, 1.30750514675593e-163, 1.30750514675593e-163,  1.30752104516541e-163, 1.30750514675593e-163, 1.30750514675593e-163,  1.30750514675593e-163, 1.30750514675593e-163, 1.30750514675593e-163,  1.30750514675593e-163, 1.30750514675593e-163, 1.30750514675593e-163,  1.30750514675593e-163, 1.30750514675593e-163, 1.30750514675593e-163,  1.30750514675593e-163, 1.30750514675593e-163, 1.30750514675593e-163,  1.30750514675593e-163, 1.30750514675593e-163, 1.30750514675593e-163,  1.30750514675593e-163, 1.30750514675593e-163, 1.30750514675593e-163,  1.30750514675593e-163, 1.30750514675593e-163, 1.30750514675593e-163,  1.30750514675593e-163, 1.30750514675593e-163), y2 = numeric(0))
result <- do.call(gear:::eucdist2,testlist)
str(result)