testlist <- list(eps = -7.45576927624209e-180, x1 = c(-1.00976809047168e-294,  -1.65923311961602e+139, -1.25285905000931e-52, 3.40062824303885e-307,  -1.47017392936622e-08, 6.45187551497302e-161, 3.56851881960778e-128,  -5.11411954320769e-238, -2.37648738226048e-197, 1.47960596083784e+237,  4.4790802764474e-172, 8.09880219921894e+62, -1.17115615615e+212,  8.89926856466142e-229, 7.53416878527662e-218, 4.85117622763326e+20,  -7.37289604618617e-188, NaN, 8.15556746808899e+221, -5.4236391058933e+132 ), x2 = c(7.74860418548935e-304, 7.74860418548935e-304, 7.74860418548935e-304,  7.74860418548935e-304, 7.74860418262465e-304, 1.3961247739653e-309,  7.74860418548935e-304, 7.74860418548935e-304, 7.74860418548935e-304,  7.74860418548935e-304, 7.74859723213354e-304, 7.74860418548935e-304,  7.74860418548935e-304, 7.74860418548935e-304, 4.10214965585581e-304,  7.74860418548935e-304, 7.74860418548935e-304, 7.74860418548935e-304,  7.74860418548935e-304, 7.74860418548935e-304, 7.74860418550178e-304,  7.74860418548935e-304, 7.74860418548935e-304, 7.74860418548935e-304,  7.74860418548935e-304, 7.74860418548935e-304, 7.74860418559503e-304,  7.74860418548935e-304, 7.74860418548935e-304, 7.74860418548935e-304,  7.74860418548935e-304, 7.74860418548935e-304, NA, 7.74860418548935e-304,  7.74860418548935e-304, 7.7486042109533e-304, 7.74860418548935e-304,  7.74860418548935e-304, 7.74860418548935e-304, 7.74860418548935e-304,  7.74860418548935e-304, 7.74860418548935e-304, NA, 7.74860418548935e-304,  7.74860418548935e-304, 7.74860418548935e-304, 0), y1 = c(4.5457995716784e+254,  -3.44161647696486e-35, 5.70108933595132e-130, 8.59579970437492e-305,  5975762145752383488, 1.11850700003819e+276, -4.75815615396415e+152,  1.35065250226119e-106, 3.92031339396152e-101, 3.91768025686314e+225,  6.50138800858794e-258, 7.88378939780192e-27, -8.68186190097993e-78,  1.28503062928163e+42, -3.52298626953631e-35, 9.56821224150396e+229,  -652334.765317506, -3.18764354405873e-219, -7.41944926541053e-68,  8.56968128593256e-299, 7.43777834321397e-304, 2.47940155522207e+87,  -2.38778460595625e-87, -1.84865197737565e-25, -1.39998614884797e+107,  -3.27111939982526e-214, -4.09729651132647e-20, -9.87183440388116e+234,  5.12999723586821e-318, 8.44639202221818e-238, 4.34542030515194e+289,  1.11765367033464e-296, -5.04310989951612e-185, -4.27076908368215e-112,  -5.10312375320437e-149, 2.03275478890055e-259, 1753309100117233408,  -3.03418291780855e-135, -4.72430624817209e-178, -6.80818427024641e+107,  5.02258901761148e+149, 5.56269693614768e-309, -8.13473410817541e+249,  -6.81319935246419e-68, 2.78401498845611e-309, 1.3584224349896e+91,  -7.22221322848707e+193, -6.79955658298828e-35, 5.80187913516321e+150,  -8.97456006844582e-78, 7.74860550754975e-304, 7.74860418548935e-304,  7.74860418548935e-304, 7.29112549634082e-304, 7.74860418548935e-304,  7.74860418548935e-304, 7.74860418548935e-304, 7.74860418548935e-304,  7.74860418548935e-304, 7.74860418548935e-304, 7.74860418548935e-304 ), y2 = c(7.74860418548935e-304, 7.74860418548935e-304, 7.74860418548935e-304,  1.79215893611238e-299, 7.74860418548935e-304, 7.74860418548935e-304,  7.74860418548935e-304, 7.74860418548935e-304, 7.74860418899064e-304,  7.74860418548935e-304, -5.83035146134545e+303, 7.74860418548935e-304,  7.74860418548935e-304, 7.74860418548938e-304, 7.74860418548935e-304,  7.74860418548935e-304, 7.74860418548935e-304, 7.74860418548935e-304,  7.74860418548935e-304, 7.74860418548935e-304, 7.74860418548935e-304,  7.74860418548935e-304, 7.7486045114279e-304, 7.74860418548936e-304,  7.74860418548935e-304, 7.74860418548935e-304, 7.74860418548935e-304,  7.74860418548935e-304, 7.74860418548935e-304, -2.53017067698433e-98,  -2.53017067698439e-98, -2.53017067698439e-98, -2.53016928173611e-98,  NA, 7.74860418548935e-304, 1.29119766512916e-300, 7.74860418548935e-304,  2.21695857611108e-301, 7.8607409546023e-304, 7.75394436274977e-304,  7.74860418548935e-304, 7.74860418548935e-304, NA, 7.74860418548935e-304,  7.74860418548935e-304, 7.74860418548935e-304, 0))
result <- do.call(gear:::eucdist2,testlist)
str(result)