testlist <- list(eps = 0, x1 = c(1.92904737674534e-121, 3.85231383178399e-317,  7.13706800771311e-79, 7.29711658957794e+245, -3.01452356877766e+48,  1.39482984886164e-172, -4.55620266250868e+100, -4.53669238987633e+100,  9.87914558697436e+204, 1.80774594079666e-280, 6.4779310229723e+174,  NA, 0, NaN, 2.1401552103249e-69, Inf, -14346153292.6171, 5.23862840599366e-305,  3.2916744576421e+304, -6.75980242977626e+88, 0), x2 = c(2.48304357081648e-244,  1.2717008315008e+32, NaN, -2.46457097448843e+68, -1.46228136200241e-23,  3.63973809401856e+119, 1.05600533085716e-309, 3.7179828545758e-152,  6.12444557251724e+307, 3273694044684402688, -3.03850109915885e-200,  -3.3513088462233e-47, 3.62626709736916e+27, -2.79720011218879e-255,  -2.28230423579597e-156, -2.30329110333602e-156, 0, 0, 0, 0, 0,  0, 0, 0, 0, 0, 0, 0, 0, 0, 0, 0, 0, 0, 0, 0, 0, 0, 0, 0, 0, 0,  0, 0, 0, 0, 0, 0, 0, 0, 0, 0, 0, 0, 0), y1 = c(-1.41247287814259e+100,  -4.55634347060681e+100, -9.73228994393969e+196, -2.38884358862635e-10,  160.182892023063, -1.74979512813858e+157, -6.44887797484206e+49,  8.81337073100191e-280, -8.15082725622392e+273, -1.64918989376378e+230,  -6.65976989513034e-283, -4.12502082365821e-312, 9.14798230311519e+130,  -2.04917062160646e+289, 2.21139293482749e-236, -2.24091044977575e-162,  -1.43813740645547e-31, 2.01927147088347e-56, -4.24231774898337e-67,  6.7429248774852e-308, -4.55625335747391e+100, -4.8068379211476e+96,  2.9700758925306e+209, 3.19469238207794e-38, 3.5305814478425e-310,  -1.60885532403977e+278, -1.4536788349261e+135, 1.67917190034316e-307,  1.16977346392225e+155, 5.97153292099937e-180, -712042382378.774,  5.07589336556566e-116, 1.62333449652569e+159, -1.96452621693749e+289,  -2.26613814712855e+150, 2.70673678513943e-260, 2.01941524098503e-56,  -3219304191841618, 6.7429248774852e-308, 8.86442257205801e+80,  -4.09041640504943e-30, -4.55634347060681e+100, -4.55618327157911e+100,  -3.29110041209955e+233, -1.14331981326685e+299, -1.92269843966486e-210,  3.169473465988e+29, NaN, -2.46457097511614e+68, -1.46228136200241e-23,  -7.26319841857025e+153, 9.85415261643216e-315, -1.25285846364118e-52,  -1.37456494058551e+283, 1.01879513737379e+205, 2.01881016575082e-149,  4.92763191921386e-299, 1.4809344989312e-168, 3.42668624562092e+304,  3.06293951535255e-05, -4.13793719393956e-243, -6.29282244128308e-77,  -7.57690586869615e+160, 8.86442257319596e+80, 1.29471430420966e+265,  -2.18015910745143e-106, -4.55634346923179e+100, -7.57840918559654e-11,  -7.04117599593686e-297, 124.877303585798, 1.13196015891792e-72,  2039087.87726427, 1.37370569160052e+104, -3.68380079148118e+279,  -4.39620249265279e+279, -3.68380079148118e+279, -3.68380079148118e+279,  -3.68380079148118e+279, -3.68380079148118e+279, -3.68380079148118e+279,  -3.68380078358978e+279, -3.68380079148118e+279, -3.68380079148118e+279,  -3.68380079148118e+279, -3.68380079148118e+279, -3.68380079148118e+279,  -3.68380079148118e+279, -3.68380079148118e+279, -3.68380079148118e+279,  1.40572959465527e-275, 1.39644840792487e-308, -2.80306883862536e-134,  -3.39497687730185e+278, 2.19336177680244e-310, 5.15711614554103e-257,  -712042382378.774), y2 = numeric(0))
result <- do.call(gear:::eucdist2,testlist)
str(result)