testlist <- list(eps = 7.74860418548935e-304, x1 = NA_real_, x2 = c(3.32800015663255e-294,  7.74860418548935e-304, 7.74860418548935e-304, 7.74860418548935e-304,  7.74860418548935e-304, 7.74860418548935e-304, 7.74860418550344e-304,  7.74860418548935e-304, 7.74860418548935e-304, 7.74860418548935e-304,  7.74860418548935e-304, 7.74860418548935e-304, 7.74860418548935e-304,  7.74860418548935e-304, 7.74860418548935e-304, 7.74860418548935e-304,  7.74860418548935e-304, 7.74860418548935e-304, 7.74860418548935e-304,  Inf, 7.74860418548935e-304, 7.74860418548935e-304, 7.74860418548935e-304,  7.74860418548935e-304, 7.74860418548935e-304, 7.74860418548935e-304,  7.74860418548935e-304, 7.74860418548935e-304, 7.74860418548935e-304,  7.74860418548935e-304, 7.74860418548935e-304, 7.74860418548935e-304,  7.74860418548935e-304, 7.74860418548935e-304, 7.74860418548935e-304,  7.74860418548935e-304, 7.74860418548935e-304, -1.45681534802108e+144,  -1.45681599014746e+144, -1.45681599014746e+144, -1.45681599014746e+144,  -1.45681599014746e+144, -1.45681599014746e+144, -1.46329422810588e+144,  -1.45681599014746e+144, -1.45681599014746e+144, 0), y1 = c(7.74860418548935e-304,  7.74860418548935e-304, 7.74860418548935e-304, 7.74860418548935e-304,  7.74860418548935e-304, 7.74860418548935e-304, -1.33392975002856e+241,  7.74860418548935e-304, 7.74860418548935e-304, 7.74860418548935e-304,  7.74860418548935e-304, 7.74860418548935e-304, 7.74860418548935e-304,  7.74860418548935e-304, 7.74860418548935e-304, 7.74860418548935e-304,  7.74860418548935e-304, 7.74861105725442e-304, 7.74860418548935e-304,  7.74860418548935e-304, 7.74860418548935e-304, 7.74860418548935e-304,  7.74860418548935e-304, 7.74860418548935e-304, 7.74860418548935e-304,  7.74860418548935e-304, 7.74860418548935e-304, 7.74860418548935e-304,  7.74860418548935e-304, 7.74860418548935e-304, 7.74860418548935e-304,  7.74861026967568e-304, 7.74860418548935e-304, 7.74860418548935e-304,  7.74860418548935e-304, -9.77620001731307e-292, -9.77719780333789e-292,  -9.77719780333789e-292, -9.77719780333789e-292, -9.77719780333789e-292,  -9.77719780333789e-292, -9.77719780333789e-292, NA, -9.77719780333789e-292,  7.98091934787717e-304, 7.74860418548935e-304, 0), y2 = c(-1.45681599014746e+144,  NA, 30583.4666666667, -1.45491062604205e+144, -1.45681599014746e+144,  -1.45681599014746e+144, -8.38923462935747e+307, -1.45681599014746e+144,  -1.45681599014746e+144, -1.45681599014746e+144, -1.45681599014746e+144,  -2.22737782327284e+168, -2.22737782327703e+168, -2.22737782327703e+168,  -2.22737782327703e+168, -2.22737782327703e+168, -2.22737782327703e+168,  -2.22737782327703e+168, -2.22737782327703e+168, -2.22737782056178e+168,  -2.22737782327703e+168, -2.22737782327703e+168, -2.22737782327703e+168,  -2.22737782327703e+168, -2.22737782327703e+168, -2.22737782327703e+168,  -2.22737782327703e+168, -2.22737782327703e+168, -2.22737782327703e+168,  -2.22737782327703e+168, -2.22737782327703e+168, -2.22737782327703e+168,  -2.22737766159731e+168, -2.22737782327703e+168, -2.22737782327703e+168,  -2.22737782327703e+168, -2.22737782327703e+168, -2.22737782327703e+168,  -2.22737782327703e+168, -2.22737782327703e+168, -2.22737782327703e+168,  -2.22737782327703e+168, -2.22737782327703e+168, -2.22737782327703e+168,  -2.22737782327703e+168, -2.22737782327703e+168, -2.22737782327703e+168,  -2.22737782327703e+168, -2.22737782327703e+168, -2.22737782327703e+168,  -2.22737782327703e+168, -2.22737782327703e+168, -2.22737782327703e+168,  -2.22737782327703e+168, -2.22737782327703e+168, -2.22737782327703e+168,  -2.22737782327703e+168, -2.22737782327703e+168, -2.22737782327703e+168,  -2.22737782327703e+168, -2.22737782327703e+168, -2.22737782327703e+168,  -2.22737782327703e+168, -2.22737782327703e+168, -2.22737782327703e+168,  -2.22737782327703e+168, -2.22737782327703e+168, -2.22737782327703e+168,  -2.22737782327703e+168, -2.22737782327703e+168, -2.22737782327703e+168,  -2.22737782327703e+168, -2.22737782327703e+168, -2.22737782327703e+168,  -2.22737782327703e+168, 7.74860420945542e-304, 7.74860418548935e-304,  7.74860418548935e-304, 7.74860418548935e-304, 7.74860418548935e-304,  7.74860418548935e-304, 7.74860418548935e-304, 7.74860418548935e-304,  0))
result <- do.call(gear:::eucdist2,testlist)
str(result)