testlist <- list(eps = 0, x1 = c(2.12429456383766e+74, -8.77181209497119e-92,  3.83649683197529e+273, -2.81904126392668e-103, 8.94902444080228e+264,  -2.18015910745342e-106, 0.000842854435994265, 9.3425016048025e+112,  4.09981500004494e+214, 3.68941345982899e+142, -9.48403647518613e+302,  -3.617306169704e-253, -1.98682959112774e-52, -7.01907711092261e+176,  -5.71731300153722e+278, 9.51263012636616e-306, 1.36315478324415e+122,  1.54625725938063e-309, -2.26862130016583e+77, 5.43293304521604e-23,  -30297238.8750584, 6.16796196023037e-263, 1.06904273990026e-306,  -3.58672533154346e+152, 1.37818525006911e+51, 1.21027935756429e-85,  5.90421217152527e-149, -3.8462022687002e+265, 7.77105150009962e-243,  3.98892833397061e-222, -1.5060850259788e+100, 4.94024805430029e+150,  NaN, -40057988.7407227, -3.87189210334079e-229, 3.63430230410333e+142,  1.87858617713661e-168, -5.00526647386351e-76, -1.08398089762916e-265,  1.04427105574334e-129, -4.4008289108783e-144, 1.67175459658206e+108,  6.22617643253274e-203, -1.63433669245736e+25, -1.79906803147146e+159 ), x2 = c(2.71520350989539e-309, 5.15165168945475e-188, 3.75601000522801e+150,  -8.97475773465627e-78, -1.20057108978574e-308, -1.23557194910894e-294,  1.5699760239745e-143, 2.14014083974043e-69, -14346153281.6171,  4.95447100325156e+39, 1.26396830123452e-109, 1.29651640214375e-46,  -2.17052593483989e+177, -2.13295344352612e+105, -4.7154178710359e+32,  -4.17187627532436e-296, -1.00365787636324e+99, -5.49119350927413e-118,  1.3924412648715e-204, -2.51734523301367e-273, 9.34241667211985e-269,  -7.6077677716985e+249, -6.813199350629e-68, 5.23821059483045e+134,  -1.07002243102713e-151, -1.20263357609158e-144, 6.33603559596058e+27,  7.60217145221405e+304, 2.5782504683336e+236, -1.19028013787993e+85,  3.31651557487312e-262, 1.82363221083299e-238, 4.35812421290471e+289,  6.20709458754047e-297, 1.4017875760294e+223, 1.62626643530022e-307,  1.46950620900256e+302), y1 = c(-1.37457749364096e-119, 2.75490388325226e+81,  -8.52200366556865e-284, -7.419196258483e-68, 1.08667501251873e+171,  -2.17826726096279e-308, 1.0508251348713e+162, 1.3408833286825e-229,  -4.2707688823308e-112, -5.10312508495338e-149, 2.03275478903305e-259,  -3.12476699166841e+30, -5.73506243616e-147, 9.65491613598144e-306,  22858.2133024065, 7.03388948855528e+59, -2.8216029435452e-266,  1.43625404992159e-275, -6.51422120768683e-18, -2.80306883862536e-134,  -3.39497687730185e+278, 2.18614704291969e-310, 1.86201056309015e+56,  1.66051809427589e+171, 1.21373262043093e+301, -3.83415537860253e-269,  -7.66393995882265e+106, -1.57344470429255e-283, 7.19900229885465e-63,  NaN, 1.48489746710458e-156, -5.85994886813207e-180, 2.46070179202528e+50,  -2.82126998683104e+116, -Inf, 2.55005140002753e+79, 4.14872026638745e+293,  1.32515007107778e+304, 1.24295379909437e+193, -1.01766835177128e-176,  1.48489746710458e-156, 1.63920632895006e+68, 3.12377786073991e-115,  9.8820258034891e-217, NaN, -3.62627129016504e+265, -7.14754307476965e-22,  3.19469238205929e-38, 1.43952099721435e-232, -1.01348303244776e-293,  -3.0515167874106e-295, -7.00903825490182e-271, 4.50680896484833e-172,  6.81325176381175e+62, -1.17115615615e+212, 3.66182551403099e+275,  -4.75815615396415e+152, 1.4903842961677e-109, 3.92031339396152e-101,  -10838.0756650554, -2.05749384136888e-121, -Inf, -7.8390706724114e+170,  -2.61576140768399e+162, 8.00395602134286e-211, -4.17771733565556e-176,  -6.65306444712852e-110, 7.73647877539157e+88, 1.60444741681495e+147,  1.16003960222624e-22, 2.28266818977592e-308, 4.18553807150408e-79,  2.69923085153641e+263, 0), y2 = c(-3.02137085628715e+143, -1.07335709985308e+237,  1.20695523931594e-309, 3.32562378928678e+80, -1.04944149130577e-291,  -6.66433666280476e+260, -1.20994905595337e+248, 9.70815500676051e+204,  4.46572320545082e-23, -1.13853964838196e+217, 95.7774360421032,  2.0018737059126e-28, -652334.765317521, -3.90898963434592e+66,  -1.42121243496564e-42, -3.74716382943213e+83, 1.06032889860505e-309,  3.58016104788023e+39, 1.06867712317632e+105, -2.15998782280469e-80,  1.66173276169463e-130, 5.19864647122937e+283, -8.0327405739543e+236,  9.62166288059911e+139, -2.0984105015245e+251, 3.10545173522669,  5.83166678869962e+225, 6.50138800192499e-258, -1.39998627252464e+107,  -3.27111939982526e-214, -1.31461970508925e-202, -1.24367508239002e+212,  1.46298465800139e+243, -2.27704363216828e+188, 1.2489085762547e+103,  9.6471530828638e+30, 1.84237121351222e+295, 44613761389373456,  1.00299132065777e-13, -1.7005258953311e-99, -6.63813680653119e-29,  4.5457995716784e+254, -3.44161647696486e-35, 5.70100839813365e-130,  1.71915994087498e-304, -1.52497668351926e-123, -2.21239347865615e-11,  1.80293879727614e+184, 7.08781462435176e+202, -4.78246964607046e+77,  6.66179307992161e-98, 6.64698108212283e-304, 3.63430110643422e+142,  1.87858617713661e-168, -5.00526647386351e-76, -1.08398089762916e-265,  4.84281519971821e-269, 1.37079625028725e+306, -7.53213692203461e-220,  -5.10092191085713e+247, 0.21095961673889, -2.18200851963421e+131,  7.27866839384201e-304, -4.03745792148629e+247, 6.98516021012687e+303,  -1.47416531241142e-29, -2.21239347865615e-11, 1.80293879727614e+184,  7.08781462435176e+202, -4.78246964607046e+77, 6.66179307992161e-98,  6.64698108212283e-304, 3.63430110643422e+142, 1.87858617713661e-168,  -5.00526620619051e-76, -1.08398089762916e-265, 4.84281519971821e-269,  1.37079625028725e+306, -7.53213692203461e-220, -5.10092191085713e+247,  0.210957828599547, -2.18200851963421e+131, 1.35577335064806e-309,  0, 0, 0, 0, 0, 0, 0, 0, 0, 0, 0, 0, 0, 0, 0))
result <- do.call(gear:::eucdist2,testlist)
str(result)