testlist <- list(eps = 0, x1 = c(-1.01253422765893e+295, 3.38186043534317e+88,  -1.01035856309428e-294, -6.08857923029952e+168, 8.404867973113e-310,  -3.11467240725636e-166, 1.21665090072011e-119, -3.03520595329211e-142,  -3.53922828452736e-74, -7.26292917964095e+153, 1.56502361612151e-08,  1.48431442223036e-147, -1.38141766529481e+174, -3.3266011189287e-96,  1.48298424096475e+237, 3.36782547457380e-13, -3.59101852248236e-23,  7.04782243154175e-127, -3.04187171587286e+239, 1.01978521881258e-68,  -1.84592868711702e+164), x2 = c(2.03275478903306e-259, -1.72839213344096e-179,  4.47438977203287e-78, 4.12768726701863e-88, 1.40108350992669e+172,  2.41045376907528e-232, 6.39501900595288e+205, 1.61709636735127e+298,  1.19993088730728e+275, -2.21239347844439e-11, 1.80293879727614e+184,  7.08781462435176e+202, 2.01881016575082e-149, 6.66179307992154e-98,  9.01285756849031e-188, 9.01285756841504e-188, 1.98141735982394e-95,  -2.80316346138206e+114, 3.39496965625457e+134, -1.15574799013844e+282,  7.7035898627515e-304, -1.12181685914956e-204, 4.83444858402713e-21,  4.44411230227823e-288, 1.74273204902173e-84, 3.77780555639837e-305,  -8.39925965927126e-94, -4.30425983277653e+277, 0, 0, 0, 0, 0,  0, 0, 0, 0, 0, 0, 0, 0, 0, 0, 0, 0, 0, 0, 0, 0, 0, 0, 0, 0, 0,  0, 0, 0, 0, 0, 0, 0, 0, 0, 0, 0, 0, 0, 0, 0, 0, 0, 0, 0, 0, 0,  0, 0, 0, 0, 0, 0, 0, 0, 0, 0, 0, 0, 0, 0), y1 = c(-2.08386813770465e-130,  15866654.4999203, 1.51396861418304e-154, 1.11342912811653e+282,  -2.50732863226979e+35, -2.09042954556404e-261, 7.92745894954329e-290,  1.27317670967507e-212, -2.21860575208482e+130, 1.07953203534008e+180,  -1.7360906611568e-96, -2.33200568467188e+34, 4.4225359949219e-23,  -1.13853964838196e+217, 95.7774360421032, 2.0018737059126e-28,  -4636800104321466, 1.65447250389292e-256, -1.05835492287917e+178,  -1.05835530364382e+178, -5.84835040228672e-283, 1.16819506915947e-261,  2.55098439626627e-62, -8.05928946403299e+257, -3.34092611734015e+144,  7.77105150009962e-243, 3.98892833397061e-222, 1.03050519240561e+52,  3.46698611897632e-306, 4.37261466002098e+115, 8.2868408064177e-79,  3.47497622066394e-75, -1.05576085035733e+96, 6.57799258182979e+34,  4.15505218662124e-91, 5.53058690775534e-228, -1.53898865553912e+167,  1.99450591276491e+169, -3.1500891292566e+33, -5.37616905147658e+288,  -4.09420688459191e+265, -2.75775190920812e-291, -9.42744147682246e-272,  8.5169519689164e+78, -1.24130880060354e+238, -6.10619926702613e+44,  -1.37393942591899e-48, -7.22221356841538e+193, -4.45359375974748e+262,  526188584.776908, -1.68064395986298e+112, 1.61337657345915e-109,  -5.63454218860468e+303, 1.29364284330915e+241, 3.25034549397748e-233,  -1.11814610338395e-218, 5.28736667283445e+202, -2.86439499564374e+79,  4.91599523387209e-131, 4.06912859027726e-34, -6.00924760217973e+277,  22858.2133024065), y2 = numeric(0))
result <- do.call(gear:::eucdist2,testlist)
str(result)