testlist <- list(eps = 0, x1 = c(7.74860418548935e-304, 7.74860418548935e-304,  7.74860418548935e-304, 7.74860418548935e-304, 7.74860418548935e-304,  7.74860418548935e-304, 7.74860418548935e-304, 7.74861018819104e-304,  7.74860418548935e-304, 7.74860418548935e-304, 2.98717555067579e-300,  7.7483816781035e-304, 7.74860418548935e-304, 7.74860418548935e-304,  7.74860418548935e-304, 7.74860418548935e-304, 7.74860418548935e-304,  7.74860418548935e-304, 7.74860418559006e-304, 7.74860418548935e-304,  7.74860418548935e-304, 7.74860418548935e-304, 7.74860418548935e-304,  7.74860418548935e-304, 7.74860418548935e-304, 7.74860418548935e-304,  2.97176854710737e-99, 1.26626371639149e+187, -2.98344211111064e+248,  4.18547115325532e-79, 1.1545952436731e+176, -2.94536253668855e+296,  -1.17006330315102e+108, 1.48489746710458e-156, 6.89130616360192e-308,  1.64198306471646e-167, -2.71145710870518e+174, -1.04192199499622e+242,  -2.28952977607054e-265, 4.91599523389397e-131, 4.06912858171073e-34,  1753402522703298048, -2.35427801947445e-220, NA, -6.80832488859551e+107,  0.400074480170051, -3.00171252800843e+63, -8.58221484813696e+249,  -6.813199350629e-68, 5.23821059483045e+134, -1.07002243102713e-151,  -7.66433052776074e-108, -1.47387571737655e-29, -9.26916759452804e-30,  2.77067322468e+114, 6.44719590123194e+27, 7.74860418553109e-304,  7.74860418548935e-304, 0), x2 = c(1.98141864604587e-95, -2.80316332377215e+114,  -1.17115615615e+212, 2.66091786184218e-31, 1.91465420252005e+105,  1.28494861520081e+42, -1.54804065458757e+82, 8.08103849277118e-317,  0, 0, 0, 0, 0, 0, 0, 0, 0), y1 = c(7.74860418548935e-304, 7.74860418548935e-304,  Inf, 7.74860418548935e-304, 7.74860418548935e-304, 7.74860418548935e-304,  7.74860418548935e-304, 7.74860418548935e-304, 7.75029385095065e-304,  7.74860418548935e-304, -Inf, 7.74860418548935e-304, 7.74860418548935e-304,  7.74860418548935e-304, 7.74860418548935e-304, 7.74860418548935e-304,  5.46530787220398e-305, 3.0236687567448e-130, -6.64948839049648e-11,  1.22343202178405e+101, 3.66727143583739e-101, -10752.0756650554,  -4.79047615399789e-131, 7.68947266797683e-207, -7.8390706724114e+170,  -2.60697446667902e+162, 3.46698611375612e-306, 4.37281637047206e+115,  7.74860418548935e-304, 2.96995081497356e+209, 1.08125138073352e-259,  5.49436540217481e+107, 3.32761906990684e+262, -1.7151422650517e-256,  -1.70253171377352e-121, -9.34770084892915e+86, -1.13971627371165e+162,  -6.60539390823749e+49, -6.51980787389465e-92, -4.76277314851699e+115,  -8.25434191988256e-109, Inf, 1.46508855647616e-308, 4.37491902319613e-267,  3.68941253810734e+142, -9.48403647518613e+302, 0), y2 = numeric(0))
result <- do.call(gear:::eucdist2,testlist)
str(result)