testlist <- list(eps = 0, x1 = c(1.90359856625529e+185, 1.90359856625529e+185,  1.90359856625529e+185, 1.90359856625529e+185, 1.90359856625529e+185,  1.90359856625529e+185, 1.41976867225562e+31, 1.90359856625529e+185,  1.90359856625529e+185, 1.90359856625529e+185, 1.90359856625529e+185,  1.90359856625529e+185, 1.90354929075791e+185, 1.90359856625529e+185,  1.90359856625529e+185, 1.88002931782405e+185, 1.90359856625529e+185,  1.9035985662556e+185, 1.90359856625529e+185, 1.90359856625529e+185,  1.90359856625529e+185, 1.90359856625529e+185, 4.89776746990489e-299,  1.90359856625529e+185, 1.90359856625529e+185, 1.90359856625529e+185,  1.90359856625529e+185, 1.90359856625529e+185, 1.90359856625529e+185,  1.90359856625529e+185, 1.90359856625529e+185, 1.90359856625529e+185,  1.90359856625529e+185, 1.90359856625529e+185, 1.90359856625529e+185,  1.90359856625529e+185, 1.90359856625529e+185, 1.90359856625529e+185,  1.90359856625529e+185, 1.90359856625529e+185, 1.90359856625529e+185,  1.90359856624746e+185, 1.90359856625529e+185, 1.90359856625529e+185,  1.90359856625529e+185, 1.90359856625529e+185, 1.90359856625529e+185,  1.90359856624753e+185, 1.90359856625529e+185, 1.90359856625529e+185,  1.90359856625529e+185, 1.90359856625529e+185, 1.90359856625529e+185,  1.90359856625529e+185, 1.90359856625591e+185, 1.90359856625529e+185,  1.90359856625529e+185, 1.90359856625529e+185, 1.90359856625529e+185,  1.90359856625529e+185, 1.90359856625529e+185, 1.90359856625529e+185,  1.90359856625529e+185, 1.90359856625529e+185, 1.90359856625529e+185,  1.90359856625529e+185, 1.90359856625529e+185, 1.90359856625529e+185,  1.90359856625529e+185, 1.90359856625529e+185, 1.90359856625529e+185,  1.90359856625529e+185, 1.90359856625529e+185, 1.90359856625529e+185,  1.90359856625529e+185, 1.90359856625529e+185, 1.90359856625529e+185,  1.90359856625529e+185, 1.90359856625529e+185, 1.90359856625529e+185,  3.48426523287799e+184, 1.90359856625529e+185, 1.90359856625529e+185,  1.90359856625529e+185, 1.90359856625529e+185, 1.90359856625529e+185 ), x2 = c(2.25252634257577e-23, 2.25252634257577e-23, 2.25252634257577e-23,  2.25252634257577e-23, 2.25252634257577e-23, 2.25252634257577e-23,  2.25252634257577e-23, 2.25252634257577e-23, 2.25252634257577e-23,  2.25252634257577e-23, 2.25252634257577e-23, 2.25252634257577e-23,  2.25252634257577e-23, 2.25252634257577e-23, 2.25252634257577e-23,  2.25252634257577e-23, 2.25252634257577e-23, 2.25252634257577e-23,  2.25252634257577e-23, 2.25252634257577e-23, 2.25252634257577e-23,  2.25252634257577e-23, 2.25252634257577e-23, 2.25252634257577e-23,  2.25252634257577e-23, 2.25252634257577e-23, 2.25252634257577e-23,  2.25252634257577e-23, 2.25252634257577e-23, 2.25252634257577e-23,  2.25252634257577e-23, 2.25252634257577e-23, 2.25252634257577e-23,  2.25252634257577e-23, 2.25252634257577e-23, 2.25252634257577e-23,  2.25252634257577e-23, NaN, 2.25252634257577e-23, 2.25252634257577e-23,  2.25252634257577e-23, 2.25252634257577e-23, 2.25252634257577e-23,  2.25252634257577e-23, 2.25252634257577e-23, 0), y1 = c(1.90359856625529e+185,  1.90359856625529e+185, 1.90359856625529e+185, 1.90359856625529e+185,  1.90359856625529e+185, 1.90359856625529e+185, 2.25252634257902e-23,  2.25252634257577e-23, 2.25252634257577e-23, 2.25252634257577e-23,  2.25252634257577e-23, 2.25252634257577e-23, 2.25252634257577e-23,  2.25252634257577e-23, 2.25252634257577e-23, 2.25252634257577e-23,  2.25252634257577e-23, 2.25252634257577e-23, 2.25252634257577e-23,  2.25252634257577e-23, 2.25252634257577e-23, 2.25252634257577e-23,  2.25252634257577e-23, 2.25252634257577e-23, 2.25252634257577e-23,  2.25252634257577e-23, 2.25252634257577e-23, 2.25252634257577e-23,  2.25252634257577e-23, 2.25252634257577e-23, 2.25252634257577e-23,  2.25252634257577e-23, 2.25252634257577e-23, 2.25252634257577e-23,  2.25252634257577e-23, 2.25252634257577e-23, 2.25252634257577e-23,  2.25252634257577e-23, 2.25252634257577e-23, 2.25252634257577e-23,  2.25252634257577e-23, 2.25252634257577e-23, 2.25252634257577e-23,  2.25252634257577e-23, 2.25252634257577e-23, 2.25252634257577e-23,  2.25252634257577e-23), y2 = c(1.90359856625529e+185, 1.90359856625529e+185,  1.90359856625529e+185, 1.90359856625529e+185, 1.90359856430834e+185,  1.90359856625529e+185, 1.90359856625529e+185, 1.90359856625529e+185,  1.90359856625529e+185, 1.90359856625529e+185, 1.90359856625529e+185,  1.90359856625529e+185, 1.90359856625529e+185, 1.90359856625529e+185,  1.90359856625529e+185, 1.90359856625529e+185, 1.90359856625529e+185,  1.90359856625529e+185, 1.90359856625529e+185, 1.90359856625529e+185,  1.90359856625529e+185, 1.90359856625529e+185, 1.90359856625529e+185,  5.43106490215292e-312, 0, 0, 0, 0, 0, 0, 0, 0, 0, 0, 0, 0, 0,  0, 0, 0, 0, 0, 0, 0, 0, 0))
result <- do.call(gear:::eucdist2,testlist)
str(result)