testlist <- list(eps = 0, x1 = c(-1.01253422765893e+295, 1.30549300424963e+87,  -1.01035856309428e-294, -6.09035720103113e+168, 8.404867973113e-310,  -3.11467240725636e-166, 1.21665090072011e-119, -3.03520595329211e-142,  -3.53922828452736e-74, -7.26292917964095e+153, 1.56502361612151e-08,  1.48431442223036e-147, -1.38141766529481e+174, -3.3266011189287e-96,  1.48298424096475e+237, 3.36782547457380e-13, -3.59101852248236e-23,  7.04782243154175e-127, -3.04187171587286e+239, 1.01978521881258e-68,  -1.84592868711702e+164), x2 = c(8.90874679343703e+194, 8.90874679343703e+194,  8.90874679343703e+194, 8.90874679343703e+194, -4.03745792148704e+247,  6.98516021012687e+303, -1.47416531241142e-29, -9.26916759452804e-30,  7.66291184948317e+92, -3.49120966287497e+274, -1.64918989358022e+230,  -6.65976989513026e-283, 4.46732072794637e-45, 82716064912.1709,  156842099844.518, -652334.765317506, -4.54086335924886e+66, 6.74333042858531e-308,  -1.2147999891124e-181, 4.29442085549996e+214, 5.27978528668767e+241,  5.55737215398144e-57, 4.05535535897628e-151, 7.79580491733706e-42,  3.77780556072514e-305, -8.40862301198064e-94, -4.30425983277653e+277,  0, 0, 0, 0, 0, 0, 0, 0, 0, 0, 0, 0, 0), y1 = c(3.46167214803201e-309,  15866654.4999203, 1.51396861418304e-154, -5.44232821066057e+132,  4.82569682328969e+188, -2.09042954741804e-261, 7.92745894954329e-290,  5.2376626140316e-150, -8.37293474386106e+298, 2.6266556758996e+182,  2.6827095876251e-29, 7.61320537655064e+216, -2.44363745269246e-87,  -1.09523367112536e+61, 5.9271754369003e-184, -2.53455991238707e+43,  -1.63677170067782e-126, NaN, 6.1827675489014e+172, -9.09767066067607e+303,  -2.8216021102251e-266, 2.96029987165744e-299, 9.26035427547433e-84,  -6.8502893733651e-173, 1.8247826466327e-286, -2.13700694000088e+268,  2.96981696694325e+209, 1.0655984211987e-255, -6.58125203281922e-148,  -2.17154689418817e-151, -1.72839213344096e-179, 4.47438977203287e-78,  4.12768726701863e-88, 1.40108281311298e+172, 8.90874679343703e+194,  8.90874679343703e+194, 8.90874679343703e+194, 8.90874679343703e+194,  8.90874679343703e+194, 8.90874679343703e+194, 8.90874679343703e+194,  8.90874679343703e+194, 8.90874679343703e+194, 8.90874679343703e+194,  8.90874666290456e+194, 8.90874679343703e+194, 2.41045376907528e-232,  6.39501900595288e+205, 1.61709636735127e+298, 1.19993088730728e+275,  -2.21235184508097e-11, 1.80293879727614e+184, 7.08781462435176e+202,  2.01881016575082e-149, 6.66179431864722e-98, 9.01285756848933e-188,  9.01285756841504e-188, 1.98141735982394e-95, 156847013148.008,  156842099844.518, 156842099844.518, 8.85435534450538e+194), y2 = numeric(0))
result <- do.call(gear:::eucdist2,testlist)
str(result)