testlist <- list(eps = 0, x1 = c(1.04102737679095e-42, 1.04102737679095e-42,  1.04102737679095e-42, 1.04102737679095e-42, 1.04102737679095e-42,  1.04102737679095e-42, 1.04102737679095e-42, 1.04102737679095e-42,  1.04102737679095e-42, 1.04102737679095e-42, 1.04102737679095e-42,  1.04102737679095e-42, 1.04102737679095e-42, 1.04102737679095e-42,  1.04102737679095e-42, 1.04102737679095e-42, 1.04102737679095e-42,  1.04102737679095e-42, 1.04102737679095e-42, 1.04102737679095e-42,  1.04102737679095e-42, 1.04102737679095e-42, 1.04102737679095e-42,  1.04102737679095e-42, 3.39297635019566e+49, 1.04102737679095e-42,  1.04102737679095e-42, 1.04102737679095e-42, 1.04102737679095e-42,  1.04102737679095e-42, 1.04102737679095e-42, 1.04102737679095e-42,  1.04102737679095e-42, 1.04102737679095e-42, 1.04102737679095e-42,  1.04102737679095e-42, 1.04102737679095e-42, 1.04102737679095e-42,  1.04102737679095e-42, 1.04102737679095e-42, 1.04102737679095e-42,  1.04102737679095e-42, 1.04102737679095e-42, 1.04102737679136e-42,  1.04102737679095e-42, 1.05395107083107e-42, 1.04102737679095e-42,  1.04102737679095e-42, 1.04102737679095e-42, 1.04102737679095e-42,  1.04102722921246e-42, 1.04102737679095e-42, 1.04102737679095e-42,  1.04102737679095e-42, 1.04102737679095e-42, 1.04102737679095e-42,  -2.574777190462e+131, -3.16372851604775e+134, -3.1638862116397e+134,  -3.1638862116397e+134, -3.1638862116397e+134, -3.1638862116397e+134,  -3.1638862116397e+134, 1.04102737679136e-42, -3.1638862116397e+134,  -3.1638862116397e+134, -3.1638862116397e+134, -3.1638862116397e+134,  -3.1638862116397e+134, -3.1638862116397e+134, -3.1638862116397e+134,  -3.1638862116397e+134, -3.1638862116397e+134, -3.1638862116397e+134,  -3.1638862116397e+134, -3.1638862116397e+134, -3.1638862116397e+134,  -3.1638862116397e+134, -3.16521709309288e+134, -3.1638862116397e+134,  -3.1638862116397e+134, -3.1638862116397e+134, -3.1638862116397e+134,  -3.16388621163021e+134, 1.04102737679136e-42, -3.1638862116397e+134,  1.27921444060072e-39, -3.14896120250661e+134, -3.1638862116397e+134,  -3.1638862116397e+134, -3.1638862116397e+134, -3.1638862116397e+134,  0), x2 = c(1.04102737679095e-42, 1.04102737679095e-42, 1.04102737679095e-42,  1.0399764029432e-42, 1.04102737679095e-42, 1.04102737679095e-42,  1.04102737679095e-42, 1.04102737679095e-42, 1.04102737679095e-42,  1.04100616573021e-42, 1.04102737679095e-42, 1.04102737679095e-42,  1.04102737679095e-42, 1.04102737679095e-42, 1.04102737679095e-42,  1.04102737679095e-42, 1.04102737679095e-42, 2.53059737126633e-105,  1.04102737679095e-42, 1.04102737679095e-42, 1.04102737679095e-42,  1.04102737679095e-42, 1.04102737679095e-42, 1.04102737679095e-42,  1.04102737679002e-42, 1.04102737679095e-42, 1.04102737679095e-42,  1.04102737679095e-42, 3.21867040241349e-57, 3.21867040241349e-57,  3.21867040241349e-57, 3.34487120755624e-57, 3.21867040241349e-57,  3.21867040241349e-57, 3.21867040241349e-57, 3.21867040241349e-57,  3.21867040241349e-57, 3.21867040241349e-57, 3.21867040241349e-57,  3.21867040241349e-57, 3.21867040241349e-57, 3.21867040241349e-57,  3.21867040241349e-57, 9.05975176558614e-43, 1.04102737679095e-42,  1.04330448679548e-42, 1.04100821841351e-42, 1.04102737679095e-42,  1.04102737679095e-42, 1.04102737679095e-42, 1.04102737679095e-42,  1.04102737679095e-42, 1.04102737679095e-42, 1.04102737679095e-42,  1.04102727197665e-42, 1.04102737679095e-42, 1.04102737679095e-42,  1.22039358022453e-42, 1.04102737679095e-42, 0), y1 = c(-3.1638862116397e+134,  -3.1638862116397e+134, -3.1638862116397e+134, -3.1638862116397e+134,  -3.1638862116397e+134, -3.1638862116397e+134, -3.1638862116397e+134,  -3.1638862116397e+134, -3.1638862116397e+134, -3.1638862116397e+134,  -3.1638862116397e+134, -3.1638862116397e+134, -3.1638862116397e+134,  -3.1638862116397e+134, -3.1638862116397e+134, -3.1638862116397e+134,  -3.1638862116397e+134, -3.1638862116397e+134, -3.1638862116397e+134,  -3.1638862116397e+134, -3.16388621258212e+134, 1.08828426488839e-311,  -2.59604345828376e+134, -3.1638862116397e+134, -3.1638862116397e+134,  -3.1638862116397e+134, -3.1638862116397e+134, -3.1638862116397e+134,  -3.1638862116397e+134, -3.1638862116397e+134, -3.1638862116397e+134,  -3.1638862116397e+134, -3.1638862116397e+134, -3.1638862116397e+134,  -3.1638862116397e+134, -3.1638862116397e+134, -3.1638862116397e+134,  -3.1638862116397e+134, -3.1638862116397e+134, -3.1638862116397e+134,  -3.1638862116397e+134, -3.1638862116397e+134, -3.1638862116397e+134,  -3.1638862116397e+134, -3.1638862116397e+134, -3.1638862116397e+134,  -3.1638862116397e+134, -3.1638862116397e+134, -3.1638862116397e+134,  -3.1638862116397e+134, -3.1638862116397e+134, -3.1638862116397e+134,  -3.1638862116397e+134, -3.1638862116397e+134, -3.1638862116397e+134,  -3.1638862116397e+134, -3.1638862116397e+134, -3.16388633348554e+134,  -3.1638862116397e+134, -3.1638862116397e+134, -3.1638862116397e+134,  -5.50157198162885e+132, -3.1638862116397e+134, -3.1638862116397e+134,  -3.1638862116397e+134, -3.1638862116397e+134, -3.15057739710792e+134,  -3.1638862116397e+134, -3.1638862116397e+134, -3.1638862116397e+134,  -3.1638862116397e+134, -3.1638862116397e+134, -3.1638862116397e+134,  1.04114003019691e-42, 1.04102737679095e-42, 1.04102737679095e-42,  0), y2 = c(1.04102737679095e-42, 1.04102737679095e-42, 2.53059737126713e-105,  1.04102737679095e-42, 1.04102737679095e-42, 1.04102737679095e-42,  1.04102737679095e-42, 1.04102737679095e-42, 2.02696078431373,  1.04102737679095e-42, 1.04102737679095e-42, 1.04102737679095e-42,  1.04102737679095e-42, 5.40899618018461e-315, 0, 0, 0, 0, 0, 0,  0, 0, 0, 0, 0, 0, 0, 0, 0, 0, 0, 0, 0, 0, 0, 0))
result <- do.call(gear:::eucdist2,testlist)
str(result)