testlist <- list(eps = -0.124019563315414, x1 = c(1.21327976778599e-279,  1.2132805197243e-279, 1.21327976778599e-279, 1.21327976778599e-279,  1.21327976778599e-279, 1.21327976778599e-279, 1.21327976778599e-279,  1.21327976778599e-279, 1.21327976778599e-279, 1.21327976778599e-279,  1.21327976778599e-279, 1.21327976778599e-279, 1.21327976778599e-279,  1.21327976778599e-279, 1.21327976778599e-279, 1.21327976773468e-279,  1.21347394521299e-279, 1.21327976778599e-279, 1.21327976778599e-279,  1.21327976778599e-279, 1.21327976778599e-279, 1.21327976778599e-279,  1.21327976778599e-279, 1.21327976778599e-279, 2.64692017715704e-279,  1.21327976778599e-279, 1.21327976778599e-279, 1.21327976778599e-279,  1.21327976778599e-279, 1.21327976778599e-279, 1.21327976778599e-279,  1.21327976778599e-279, 1.21327976778599e-279, 1.21327976778599e-279,  1.21327976778599e-279, 1.21327976778599e-279, 1.21327976778599e-279,  1.21327976778599e-279, 1.21327976778599e-279, 1.21327976778599e-279,  1.21327976778599e-279, 1.21327976778599e-279, 1.21327976778599e-279,  1.21327976778599e-279, 1.21327976778599e-279, 1.21327976778599e-279,  1.21327976778599e-279, 1.21327976778599e-279, 1.21327976778599e-279,  1.21327976778599e-279, 1.21327976778599e-279, 1.21327976778599e-279,  2.75774861748365e-280, 1.21327976778599e-279, 1.21327976778599e-279,  1.21327976778599e-279, 1.21327976778599e-279, 1.21327976778599e-279,  1.21327976778599e-279, 1.21327976778599e-279, -6.24644482033765e+279,  1.2132797709154e-279, 1.21327976778599e-279, 1.21327976778599e-279,  1.21327976778599e-279, 1.21327976778599e-279, 1.21327976778599e-279,  1.213279768081e-279, 3.58207197718723e-276, 1.21327976778599e-279,  1.21327976778599e-279, 1.21327976778599e-279, 1.21327976778599e-279,  1.21327976792708e-279, 1.21327976778599e-279, 1.21327976778599e-279,  -0.124019607686954, -0.124019607843137, -0.124019607843138, -0.124019607843137 ), x2 = c(-0.124019607843137, -0.124019607843137, -0.124019607843137,  -0.124019607843137, -0.124019607843137, -0.124019607843137, -0.124019607843137,  -0.124019607843137, -0.124019607843137, -0.124019607843137, -0.124019607843137,  -0.124019607843137, -0.124019607843137, -0.124019607843137, -0.124019607843137,  -2.53017067698439e-98, -2.53017067698439e-98, -2.53017067698439e-98,  -2.53017067698439e-98, -2.53017067698439e-98, -2.53017067698439e-98,  -2.53017067698439e-98, 1.56096219560076e-276, 1.21327976778599e-279,  1.21327976778599e-279, 1.21327976778599e-279, -2.53016977417668e-98,  -2.53017067698439e-98, -2.53017067698439e-98, -0.124019607843137,  -0.124019607843137, -0.124019607843137, -0.124019607843137, -0.124019607843137,  -0.124019607843137, 3.58207197720629e-276, 1.21327976778599e-279,  1.21327976771509e-279, 1.21327976778599e-279, 1.21327976778599e-279,  1.21327976778599e-279, 1.21327976778599e-279, 1.21327976778599e-279,  1.21327976778599e-279, 1.21327976778599e-279, 1.21327976778599e-279,  1.21327976778599e-279, 1.21327976778599e-279, 1.21327976778599e-279,  1.21327976778599e-279, 1.21327976778599e-279, 1.21327976778599e-279,  1.21327976778599e-279, 1.21327976778599e-279, NA, 1.21327976778599e-279,  1.21327976778599e-279, 9.61259266174173e-251, 1.21327976778599e-279,  1.21327976778599e-279, 1.213279767786e-279, 1.21327976778599e-279,  1.21327976778599e-279, 1.21327976778599e-279, 1.21327976778599e-279,  1.21327976778599e-279, 1.21327976778599e-279, 1.21327976778599e-279,  1.21327976778489e-279, 1.21327976778599e-279, 1.21327976778599e-279,  1.21327976778599e-279, 1.21327976778599e-279, 1.21327976778599e-279,  1.77321036715968e-231, 1.21327976778599e-279, 1.2134358903207e-279,  1.21327976778599e-279, 1.21327976778599e-279, 0), y1 = c(-0.124019607843137,  -0.124019607843137, -0.124019607843137, -0.124019607843137, -0.124019607843137,  -0.124019607843137, -0.124019607843137, -0.124019607843137, -0.124019607843137,  -0.124019607843137, -0.124019607843137, -0.124019607843137, -0.121093869209971,  -0.124019607843137, -0.124019607843137, -0.124019607843137, -0.124019607843137,  Inf, -0.124019607843137, -0.124019607843137, -0.124019607843137,  -0.121101438998948, -0.124019607843137, -0.124019607843137, -0.124019607843137,  -0.124019607843137, -0.124019607843137, -0.124019607843137, -0.124019607843137,  -0.124019607843137, -0.124019607843137, -0.124019607843137, -0.124019607843137,  -0.124019607843137, -0.124019607843137, -0.124019607843137, -0.00775122549019608,  -0.124019607843137, -0.124019607843137, -0.124019607843137, -0.124019607843137,  -0.124019607843137, -0.124019607843137, -0.124019607843137, -0.124019607843137,  -0.124019607843137, -0.124019607843137, -0.124019607843137, -0.124019607843137,  -0.124019607843137, -0.124019607843137, -0.124019607843137, -0.124019607843137,  -0.124019607843137, -0.124019607843137, -0.124019607843137, -0.124019607843137,  -0.124019607843137, -0.124019607843137, -0.124019607843137, -0.124019607843137,  -0.124019607843137, -0.124019607843137, -0.124019607843137, -0.124019607843137,  -0.124019607843137, -0.124019607843137, -0.124019607843137, -0.124019607843137,  -0.124019607843137, -2.22949197607924e+307, -0.124019607843137,  -0.124019607843137, -0.124019607843137, -0.124019607843137, -0.124019607843137,  -0.124019607843137, -0.124019607843137, -0.124019607843137, 0 ), y2 = c(1.21327976778599e-279, 1.21327976778599e-279, 1.21327480950553e-279,  1.21327976778599e-279, 1.21327976778599e-279, 1.21327976778599e-279,  1.21327976778599e-279, 1.21327976778599e-279, 1.21327976778599e-279,  1.21327976778599e-279, 1.21327976778599e-279, 1.21327976778599e-279,  -0.121185661764706, -0.124019607843137, -0.124019607843137, -0.124019607843137,  -0.124019607843137, -0.124019607843137, -0.124019607843137, -0.124019607843137,  -0.124019607843137, -0.124019607843137, -0.124019607843137, -0.124019607843137,  -0.124019607843137, -0.124019607843137, -0.124019607843137, -0.124019607843137,  -0.124019607843137, -0.124019607843137, 4.77918351767341e-299,  -0.124019607843135, -0.124019607843137, -0.124019607843137, -0.124019607843137,  -0.124019607843052, -1.99993865843497, -0.124019607843137, -0.124019607843137,  -0.124019607843137, -0.124019607843137, -0.124019607843137, -0.124019607843137,  -0.124019607843137, -0.124019607843137, -0.124019607843137, -0.124019607843137,  -0.123958572686887, -0.124019607843137, -0.124019607843137, -0.124019607843137,  -0.124019607843137, -0.124019607843137, -0.124019607843137, -0.124019607843137,  -0.12401960784291, -0.124019607843137, -0.124019607843137, -0.124019607843137,  -0.124019607843137, -0.124019607843137, -0.124019607843138, -0.124019607843137,  -0.124019607843137, -0.124019607843137, -0.124019607843137, -4.52121046800924e-305,  -0.124019607843135, -0.124019607843137, -0.124019607843137, -0.124019607843137,  -0.124019607843137, -0.124019607843137, -0.124019607843137, -0.124019607843137,  -0.121093854249692, -0.124019607843137, -0.124019607843137, -0.124019607843137,  -0.124019607843137))
result <- do.call(gear:::eucdist2,testlist)
str(result)