testlist <- list(eps = 9.05098012272273e+36, x1 = c(-8.87616861339996e-227,  1.26626400663201e+187, -2.98344211111064e+248, 6.18414383667299e-292,  -1.24232038226264e+298, 5.19591992012151e+155, 1.7565805777393e+156,  5.11683759663639e+173, -1.37212432189799e-213, 4.11654146906116e+149,  1.37142240459759e-84, -6.8502893839085e-173, 1.82478264663467e-286,  -2.13700694000087e+268, 2.96981696694323e+209, 1.08125138073352e-259,  5.49467629799283e+107, 8.44530365616596e+146, 1.16362563638603e+221,  -1.18643775505318e-125, -6.97183379845776e-68), x2 = c(-1.25455399222244e-299,  -1.13853964838196e+217, NA, 2.0018737059126e-28, -4636800105173434,  1.65447250389292e-256, -2.30374790479512e+88, NaN, 1.87140051912765e+293,  7.81174850164908e+153, -5.37602965445318e+288, -4.09420688459191e+265,  1.19647004463518e-191, -9.49965489308947e-272, 8.5169519689164e+78,  -1.24130880060354e+238, -6.10619926702613e+44, -1.37393942540123e-48,  1.19647004463518e-191, 7.78963466942964e+235, -3.58131929196381e+99,  2.22507514430113e-308, -1.97272183136328e+299, -9.90198059114587e-18,  -1.76577074250767e-177, 2.42174617982128e-300, -4.58218731287668e-222,  161031950900692864, 5.35549805806797e-126, 8.26074313653876e-81,  -3.30518961309906e-28, 5.46530787473442e-305, 3.0236687567448e-130,  6.66179339004234e-98, 7.25951982433165e-42, 1.43952120892713e-232,  -1.01348303244776e-293, -3.0515167874106e-295, 4.99937052414045e-120,  2.97176854710737e-99, 1.26626371639149e+187, -2.98344211111064e+248,  2.29357629683571e-101, 7.62955259991761e-307, -1.34248959975439,  6.81505309571099e-20, 1.26358651259951e+117, 1.37111655552297e-306,  -9.09843453744056e+303, -3.77795520834047e-107, -1.65387028637673e-79,  3.01468013679498e-282, 6.54132041568234e-305, 1753402522714247168,  -2.35423749527038e-220, -4.72430389471873e-178, -1.79381996339474e+107,  2.23197032886017e-308, -7.83964882777725e+130, 8.67787465274142e-308,  3.45292005335177e-308, -1.38223151271783e-124, 9.01909135954428e+279,  -40057988.7407236, -3.87189210406064e-229, 1.04412735643922e-129,  -4.4008289108783e-144, 1.67175459658206e+108, 4.25773278747235e-109,  1.29651640214236e-46, 1.61709636735127e+298, 2.54063181508264e-81,  4.54907196912876e-189, 8.5169519816238e+78, -1.24130880060354e+238,  -6.10619970567137e+44, -1.37393942540123e-48, -7.22225881770752e+193,  NaN, NA, -2.31950618079924e+195, -1.75388876035548e-182, 1.28842032641658e-231,  7.43714976980789e-218, 2.28431993933019e+187, 1.07876163245694e-16,  -1.49883594185472e-29, 8.20260776963159e-292, -1.25455399222244e-299,  -1.13853964838196e+217, 0), y1 = c(40874212821276450816, 6.23755258814246e-17,  -2.40696922571409e-177, -2.71145710870518e+174, -1.04387551484797e+242,  -5.09509417002901e+85, 1.06032889860505e-309, 3.58016104788023e+39,  1.06867712210833e+105, -2.15998782280469e-80, 1.61941075657451e+159,  5.29703440925878e-172, -3.63478702406637e+78, 4.37887508664943e-262,  1.80576262753477e-172, 2.54063181508264e-81, 4.54907196912876e-189,  8.5169519816238e+78, -1.24130880060354e+238, -6.10619970567137e+44,  5.46524214941971e-305, 3.0236687567448e-130, -6.64948839049649e-11,  1.15459524701512e+176, -2.94536253771162e+296, 1.7565805777393e+156,  0.00244166880335396, -9.02524833702841e-99, 6.5714829981562e+30,  1.14767928924933e-61, -8.8505396530203e+97, 7.73648157228094e+88,  1.60444741681495e+147, 9.28452089778217e-194, 2.28266797426072e-308,  4.19410323534149e-79, 2.69923085153641e+263, 40874212821178720256,  6.23755258814246e-17, -2.40696922571409e-177, -2.71145710870518e+174,  -1.04387551484797e+242, -5.09509417002901e+85, 1.06032889860505e-309,  3.58016104788023e+39, 1.06867712210833e+105, -2.15998782280469e-80,  1.61941075657451e+159, 5.29703440925878e-172, -3.63478702406637e+78,  4.37887508664943e-262, 1.80576262753477e-172, 2.54063181508264e-81,  4.54907196912876e-189, 8.5169519816238e+78, -1.24130880060354e+238,  -6.10619970567137e+44, 5.46524214941971e-305, 3.0236687567448e-130,  -6.64948839049648e-11, 1.15459524701512e+176, -2.94536253771162e+296,  1.7565805777393e+156, 0.00244166880335396, -9.02524833702841e-99,  6.5714829981562e+30, 1753402522710580224, -2.35423749527038e-220,  -4.72422152441084e-178, -1.79381996339474e+107, 7.29235966456735e-304,  -7.83964882777722e+130, 8.67787465274142e-308, 5.33100846807909e+54,  5.22851419824833e+54, 5.22851419824833e+54, 5.22851419824833e+54,  5.22851419824833e+54, 0), y2 = c(7.81174850164908e+153, -5.37602965445318e+288,  -4.09420688459191e+265, -2.75775190920812e-291, -9.49965489308947e-272,  8.5169519689164e+78, -1.24130880060354e+238, -6.10619926702613e+44,  -1.37393942540123e-48, 3.14361305172623e+67, 7.78963466942964e+235,  -3.58131929196381e+99, 2.22507514430113e-308, -1.97272183136328e+299,  -9.90198059114587e-18, -1.76577074250767e-177, 2.42174617982128e-300,  -4.49548635768007e-222, 161031950900692864, 5.35549805806797e-126,  8.26074313653876e-81, -3.30518961309906e-28, 5.46530787473442e-305,  3.0236687567448e-130, 6.66179339004234e-98, 7.25951982433165e-42,  1.43952120892713e-232, -1.01348303244776e-293, -3.0515167874106e-295,  4.99937052414045e-120, 2.97176854710737e-99, 1.26626371639149e+187,  -2.98344211111064e+248, 2.29357629683571e-101, 7.62955259991761e-307,  -1.34248959975439, 6.81505309571099e-20, 1.2635865117922e+117,  1.37111655552297e-306, -9.09843453744056e+303, -3.77795520834047e-107,  -1.65387028637673e-79, 3.01468013679498e-282, 6.54132041568234e-305,  1753402522714247168, -2.35423749527038e-220, -4.72430389471873e-178,  -9.90291365087183e-18, -1.76577074250767e-177, 2.42174617982128e-300,  -1.0290113579972e-226, 161031950900692864, 5.35549805806797e-126,  4.30741890187504e-81, -3.30518961309906e-28, 5.46530787473442e-305,  3.0236687567448e-130, -6.64948839049648e-11, 1.26620309067986e+176,  -2.94536253771162e+296, -1.17006330315102e+108, 3.0788918595647e+72,  -5.68358142431207e+115, -1.49905137588813e-296, -4.83607699504741e+296,  -4.39048939437592e-283, 6.14411608709023e-73, -7.9700945594356e-175,  -7.74871223766548e-132, 5.49483314334033e+107, 8.44530365616596e+146,  1.16362563638603e+221, -1.18643775505318e-125, -6.97183379845776e-68,  1.55304037739309e+100))
result <- do.call(gear:::eucdist2,testlist)
str(result)