testlist <- list(eps = 0, x1 = c(1.80107573659442e-226, 1.80107573659442e-226,  1.80684700589198e-226, 1.80107573659442e-226, 1.80107573659442e-226,  1.80107573659442e-226, 1.80107573659442e-226, 1.80107573659442e-226,  1.80107573659442e-226, 1.80107573659442e-226, 1.80107573659442e-226,  1.80107573659442e-226, 1.80107573659442e-226, -Inf, 1.80107573659442e-226,  1.80107573659442e-226, 1.80107573659442e-226, 1.80107573659442e-226,  1.80107573659442e-226, 1.80107573659442e-226, 1.80109828061512e-226,  1.80107573659442e-226, 1.80107573659442e-226, 1.80107573659442e-226,  1.80107573659442e-226, 1.80107573659442e-226, 1.80107573659442e-226,  1.80107573659442e-226, 1.80107573659442e-226, 1.80107573659442e-226,  1.80107573659442e-226, 1.80107573659442e-226, 1.80107573659442e-226,  1.801075736103e-226, 2.52121869456336e-125, 1.80107573659442e-226,  1.80107573659442e-226, 1.80107573659442e-226, 1.80107573659442e-226,  1.80107573659442e-226, 1.80107573659442e-226, 1.80107573659442e-226,  1.80107573659442e-226, 1.80107573659442e-226, 1.80107573659442e-226,  1.80107573659442e-226, 1.80107573659442e-226, 1.80107573659442e-226,  1.80107573659442e-226, 1.80107573659442e-226, 1.80107573659442e-226,  1.80107573659442e-226, 1.80107573659442e-226, 1.80107573659442e-226,  1.80107573659442e-226, 1.80107573659442e-226, 1.80107573659442e-226,  1.80107573659442e-226, 1.80107573659442e-226, 1.80107573659442e-226,  1.80107573659442e-226, 1.80107573659442e-226, 1.80107573659442e-226,  1.80107573659442e-226, 1.80107573659442e-226, 1.80107573659442e-226,  1.80107573659442e-226, 1.80107573659442e-226, 1.80107573659442e-226,  1.80107573659442e-226, 1.80107573659442e-226, 1.80107573659442e-226,  1.80107573659442e-226, 1.80107573659442e-226, 1.80107573659442e-226,  1.80107573659442e-226, 1.80107573659442e-226, 1.80107573659442e-226,  1.80107573659442e-226, 1.80107573659442e-226, 1.80107573659442e-226,  1.80107573659442e-226, 1.80107573659442e-226, 9.27114107711331e-311,  1.80107573660507e-226, 1.80107573659442e-226, 1.80107573659442e-226,  1.80107573659442e-226, 1.80107573659442e-226, 1.80107573659442e-226,  1.80107573659442e-226, 0), x2 = c(1.80107573659442e-226, 1.80107573659442e-226,  1.80107573659442e-226, 1.80107573659442e-226, 1.80107573659442e-226,  1.80107573659442e-226, NaN, 1.80107573659442e-226, 1.80107573659442e-226,  1.80107573659442e-226, 1.80107573659442e-226, 1.80107573659442e-226,  1.80107573659442e-226, 1.80110633205108e-226, 1.80107573659442e-226,  1.80107573659442e-226, 1.80107573659442e-226, 1.80107573659442e-226,  1.80107573659442e-226, 1.26609020334329e-309, 0, 0, 0, 0, 0,  0, 0, 0, 0, 0, 0, 0, 0, 0, 0, 0, 0, 0, 0, 0, 0, 0, 0, 0, 0, 0,  0, 0, 0, 0, 0, 0, 0, 0, 0, 0, 0, 0, 0, 0, 0, 0, 0, 0, 0, 0, 0,  0, 0, 0, 0, 0, 0, 0, 0, 0, 0, 0, 0, 0, 0, 0, 0, 0, 0, 0, 0, 0,  0, 0, 0, 0), y1 = c(1.80107573659442e-226, 1.80107573659442e-226,  1.80107573659442e-226, 1.80107573659442e-226, 1.80107573659442e-226,  1.80107573659442e-226, 1.80107573659442e-226, 1.80107573659442e-226,  1.80107573659442e-226, 1.80107573659442e-226, 1.80107573659442e-226,  1.80107573659442e-226, 1.80107583094719e-226, -Inf, 1.80107573659442e-226,  1.80107573659442e-226, 3.04796637675273e-101, 1.80107573659442e-226,  1.80107573659442e-226, 1.80107573659442e-226, 1.80107573659442e-226,  1.80107573659442e-226, 1.80107573659442e-226, 1.80107573659442e-226,  1.80107573659442e-226, 1.80107573659442e-226, 1.80107573659442e-226,  1.80107573659442e-226, 1.80107573659442e-226, 1.80107573659442e-226,  1.80107573659442e-226, 1.80107573659442e-226, -1.17037313467599e+304,  1.80107573659451e-226, 1.80107573659442e-226, 1.80107573659442e-226,  1.80107573659442e-226, 1.80107573659442e-226, 1.80107573659442e-226,  1.80107573659442e-226, 1.80107573659442e-226, 1.80107573659442e-226,  1.80107573659442e-226, 1.80107573659442e-226, 1.80107573659442e-226,  1.80107573659442e-226, -1.17037313467599e+304, 1.80107574246526e-226,  1.80107573659442e-226, 1.80107573659442e-226, 1.80107573659442e-226,  1.80107573659442e-226, 1.80107573659442e-226, 1.80107573659442e-226,  1.80107573659442e-226, 1.80107573659442e-226, 1.80107573659442e-226,  1.80107573659442e-226, 1.80107573659442e-226, 1.80107573659442e-226,  1.80107573659442e-226, 1.80107573659442e-226, 1.80107573659442e-226,  1.80107573659442e-226, 1.80107573659442e-226, 1.80107573659442e-226,  1.80107573659442e-226, 1.80107573659442e-226, 1.80107573659442e-226,  1.80107573659442e-226, 1.80107573659443e-226, 1.80107573659442e-226,  1.80107573659442e-226, 1.80107573659442e-226, 1.80111760406142e-226,  1.80107573659442e-226, 1.80107573659442e-226, 1.80107573659442e-226,  1.80107573659442e-226, 1.80107573659442e-226, 1.80107573659442e-226,  1.80107573659442e-226, 1.80107573659442e-226, 1.80107573659442e-226,  1.80107573659509e-226, 1.80107573659442e-226, 1.80107573659442e-226,  1.80107573659442e-226, 1.80107573659442e-226, 1.80107573659442e-226,  1.89957056300472e-226, 0), y2 = numeric(0))
result <- do.call(gear:::eucdist2,testlist)
str(result)