testlist <- list(eps = -3.77795520654664e-107, x1 = -1.00976809047168e-294,      x2 = c(-1.09007158655574e-175, -1.09007158655574e-175, -1.09007158655574e-175,      -1.09007158655574e-175, -1.09007158655574e-175, -1.09007158655574e-175,      -1.09007158655574e-175, -1.09007158655574e-175, -1.09007158655574e-175,      -1.09007158655574e-175, -1.09007158655574e-175, -1.09007158655574e-175,      -1.09007158655574e-175, -1.09007158655574e-175, -1.09007158655574e-175,      -1.09007158655574e-175, -1.09007158655574e-175, -1.09007158655574e-175,      -1.09007158655574e-175, -1.09007158655574e-175, -1.09007158655574e-175,      -1.09007158655574e-175, -1.09007158655574e-175, -1.09007158655574e-175,      -1.09007158655574e-175, -1.09007158655574e-175, -1.09007158655574e-175,      -1.09007158655574e-175, -1.09007158655574e-175, -1.09007158655574e-175,      -1.09007158655574e-175, -1.09007158655574e-175, -1.09007158655574e-175,      -1.09007158655574e-175, -1.09007158655574e-175, -1.09007158655574e-175,      -1.09007158655574e-175, -1.09007158655574e-175, -1.09007158655574e-175,      -1.09007158655574e-175, -1.09007158655574e-175, NaN, -1.09007158655574e-175,      -1.09007158655574e-175, -1.09007158655574e-175, -1.09007158655574e-175,      -1.09007158655574e-175, -1.09007158655574e-175, -1.09007158655574e-175,      -1.09007158655574e-175, -1.09007158655574e-175, -1.09007158655574e-175,      -1.09007158655574e-175, -1.09007158655574e-175, 0), y1 = c(3.40062824303885e-307,      1.61302549225303e-207, 1.37086731440495e-284, 4.31640506060263e-305,      4.2880811208535e-301, 1.40659561837347e+144, -5.02907799079843e+20,      1.0393461158814e+145, 2.01941513843294e-56, 7.1666659397981e+103,      -4.95242459060875e-191, 6.57167923442635e-307, -2.13295344352611e+105,      -4.71541762925166e+32, -4.17194627009574e-296, -1.01034148763889e-294,      1.78438207058618e+135, 5.56269693614768e-309, -2.37540582772389e+247,      -6.75524300452451e-68, 4.93859777204089e+220, 2.48171363068102e-207,      -3.2883245782722e-219, 1.24295379856975e+193, -1.01766835177128e-176,      -1.80375640386372e-130, 1.63920632895006e+68, -1.1108525972219e-255,      1.05298003659248e-107, 4.53886020604989e+279, 5.50687327966852e+66,      -5.84835040232511e-283, 5.06410645609067e-262, -9.499654893086e-272,      -9.74716040451139e+240, -4.87659062498043e-97, -1.46226110448859e-23,      2.26506140723392e-246, -1.07627814218414e-175, -1.09007158655574e-175,      -1.09007158655574e-175, -1.09007158655574e-175, -1.09007158655574e-175,      -1.09007158655574e-175, NaN, -1.09007158655574e-175, -1.09007158655574e-175,      -1.09007158655574e-175, -1.09007158655574e-175, -1.09007158655574e-175,      0), y2 = c(-1.09007158655574e-175, -1.09007158655574e-175,      -1.09007158655574e-175, -1.09007158655574e-175, -1.09007158655585e-175,      -1.09007158655574e-175, -1.09007158655631e-175, -1.09007158655574e-175,      -1.09007158655574e-175, -1.09007158655574e-175, -1.09007158655574e-175,      -1.09007158655574e-175, -1.09007158655574e-175, -1.09007158655574e-175,      -1.09007158655574e-175, -1.09007158655574e-175, -1.09007158655574e-175,      NaN, -1.09007158655574e-175, -1.09007158655574e-175, -1.09007158655574e-175,      -1.09007158655574e-175, -1.09007158655574e-175, -1.09007158655574e-175,      -1.09007158655574e-175, -1.09007158655574e-175, -1.09007158655574e-175,      -1.09007158655574e-175, Inf, -1.09007158655574e-175, -1.09007158655574e-175,      -1.09007158655574e-175, -1.09007158655574e-175, -1.09007158655574e-175,      -1.09007158655574e-175, -1.09007158655574e-175, -1.09007158655574e-175,      -1.09007158655574e-175, -1.09007158655574e-175, -1.09007158655574e-175,      -1.09007158655574e-175, -1.09007158655574e-175, -1.09007158655574e-175,      -1.09007158655574e-175, -1.09007158655574e-175, -1.09007158655574e-175,      2.13023447959542e-289, -1.09007158655574e-175, 5.1345306384245e+173,      -1.09007158655574e-175, -1.09007158655574e-175, -1.09007158655574e-175,      -3.29457350589135e-219, -7.66433143194071e-108, 0))
result <- do.call(gear:::eucdist2,testlist)
str(result)