testlist <- list(eps = 0, x1 = c(-595284992, Inf, -595821443.513725, -595821443.513725,  1.86201336917352e+56, 2.08542239288986e-309, 1.21137823139975e+301,  -3.83415538865081e-269, 1.24144976471715e-144, -2.084156158448e-130,  NA, 4.16886472442394e+216, 1.40297388038052e+51, 1.21027935982221e-85,  0.000842855014432899, NaN, 4.09981500004494e+214, -7.61241995768914e-234,  -2.36182213859767e-69, NA, 0), x2 = c(-2.44363755756201e-87,  -3.2907732765909e+233, 1.03889031272558e-13, 1.03878561526026e-13,  1.03878561526026e-13, 1.03878561526026e-13, 1.03878561526026e-13,  1.03878561526026e-13, 1.03878561526026e-13, 1.03878561526026e-13,  1.03878561526026e-13, 1.03878561526026e-13, 1.03878561526026e-13,  1.03878561526026e-13, 1.03878561526026e-13, 1.03878561526026e-13,  1.03878561526026e-13, 1.03878561526026e-13, 1.03878561526026e-13,  1.03878561526026e-13, 1.03878561526026e-13, 1.03878561526026e-13,  1.03878561526026e-13, 1.03878561526026e-13, 1.03878561526026e-13,  1.03878561526026e-13, 1.03878561526026e-13, 1.03878561526026e-13,  1.03878561526026e-13, 1.03878561526026e-13, 1.03878561526026e-13,  1.03878561526026e-13, 1.03878561526026e-13, 1.03878561526026e-13,  1.03878561526026e-13, 1.03878561526026e-13, 1.03878561526026e-13,  1.03878561526026e-13, 7681451252071741, -1.62927210629033e+308,  4.30741891549157e-81, -3.30518961309998e-28, 5.46536437075036e-305,  3.0236687567448e-130, -4.79047698384525e-131, 7.68947266797683e-207,  -7.8390706724114e+170, -2.61576140768401e+162, 3.02066292744721e-42,  -4.17771733565556e-176, 1.8247826466327e-286, -2.13700694000088e+268,  2.96981696694325e+209, 1.08125138073352e-259, 1.53735971587756e+108,  8.44530365616596e+146, 1.16362563638603e+221, -4.71014864945516e-122,  -9.34770084892915e+86, 2.52435561478787e-29, 2.70734094202396e-209,  -1.49633920315231e+241, 5.15232292036569e-188, 3.75601000522801e+150,  -8.97475773462632e-78, -1.20057533377727e-308, -4.11828380713154e-243,  -1.95893925610333e-77, -7.57690591059555e+160, -7.64575837057366e-295,  8.47829713709715e-163, 9.39842174316706e-306, 0, 0, 0, -4.27178758781264e-242,  -1.27736209070002e+294, -7.00844334285908e-271, 4.50680896484833e-172,  6.81325176381175e+62, 3.32462112029962e-299, 2.66091786184218e-31,  7.60217145219392e+304, NaN, 7.27451307295011e+140, -2.00241679365771e+53 ), y1 = c(-4.71014864945518e-122, -9.34770084892915e+86, -3.44161647696484e-35,  5.70100961123513e-130, 1.71915994087498e-304, -1.50608502598403e+100,  4.94024805630092e+150, 1.0795320349174e+180), y2 = c(0, 0, 0,  0, 0, 0, 0, 0, 0, 0, 0, 0, 0, 0, 0, 0, 0, 0, 0, 0, 0, 0, 0, 0,  0, 0, 0, 0, 0, 0, 0, 0, 0, 0, 0, 0, 0, 0, 0, 0, 0, 0, 0, 0, 0,  0, 0, 0, 0, 0, 0, 0, 0, 0, 0, 0, 0, 0, 0, 0, 0, 0, 0, 0, 0, 0,  0, 0, 0, 0, 0, 0, 0, 0, 0, 0, 0, 0, 0, 0, 0))
result <- do.call(gear:::eucdist2,testlist)
str(result)