testlist <- list(eps = 0, x1 = c(-3.34092611734015e+144, NaN, -2.49833539069491e-127,  -2.49833539069496e-127, 0), x2 = c(-1.97272183211855e+299, -4.80684531751046e-211,  1.27171786828792e+32, 7.27866839395753e-304, -4.03745792148629e+247,  6.98516021012687e+303, 1.45977001717114e+207, 6.50138800858794e-258,  -1.22093386688345e-144, -3.83312295206007e-269, -7.66393995882265e+106,  -1.57344470429255e-283, 7.19900229885465e-63, 2.87665435128961e+142,  -1.41925172138651e+232, -1.46228129790746e-23, 3.63973809400237e+119,  -9.31235117505456e-33, 1.53075469251887e+25, -8.31048472713604e-67,  -2.02469336164158e+144, 6.12444557232257e+307, 3273694043944121344,  -3.03850109915974e-200, 0.320151825465382, 3.64984115085165e+27,  -2.87836517621542e-255, -1.43813740810821e-31, -1.22730046883238e-173,  -4.17958344789588e-215, 1.2302234581447e-321, 0, 0, 0, 0, 0,  0, 0, 0, 0, 0, 0, 0, 0, 0, 0, 0, 0, 0, 0, 0, 0, 0, 0, 0, 0, 0,  0, 0, 0, 0, 0, 0, 0, 0, 0, 0, 0, 0, 0, 0, 0, 0), y1 = c(-7.60054082754288e+306,  -2.49833539069495e-127, -2.49833539069496e-127, -2.49833539069496e-127,  -2.49833539069496e-127, -2.49833539069496e-127, -2.49833539069496e-127,  -2.49833539069496e-127, -2.49833539069496e-127, -2.49833539069496e-127,  -2.49833539069496e-127, -2.49833539069496e-127, -2.49833539069496e-127,  -2.49833539069496e-127, -2.49833539069496e-127, -2.49833539069496e-127,  -2.49833539069496e-127, -2.49833539069496e-127, -2.49833539069496e-127,  -2.49833539069496e-127, -2.49833539069496e-127, -2.49833539069496e-127,  -2.49833539069496e-127, -2.49833539069496e-127, -2.49833539069496e-127,  -2.49833539069496e-127, -2.49833539069496e-127, -2.49833539069496e-127,  -2.49833539069496e-127, -2.49833539069496e-127, -2.49833539069496e-127,  -Inf, -2.49833539069496e-127, -2.49833539069496e-127, -2.49833539069496e-127,  -2.49833539069496e-127, -2.49833539069496e-127, -2.49833539069496e-127,  -2.49833539069496e-127, -2.49833539069496e-127, -2.49833539069496e-127,  -2.49833539069496e-127, -2.49833539069496e-127, -2.49833539069496e-127,  -2.49833539069496e-127, -2.49833539069496e-127, -2.49833539069496e-127,  -2.49833539069496e-127, -2.49833539069496e-127, -2.49839174432422e-127,  4.81161894006181e-161, 4.71888877138238e+89, -4.43242705798648e+123,  4.22331475239557e-168, Inf, -1.0053055433713e+296, -7.26421685389401e+193,  -5.20088261505991e-186, -1.33758242466721e+241, -2.31950618079924e+195,  -1.75388876035754e-182, 4.19929369784047e-140, 7.43715029324575e-218,  4.8511785802016e+20, -7.37401988759011e-188, NaN, 3.76512197955142e+111,  1.28048064067193e-287, -1.06488025032251e+242, -2.28952979455573e-265,  -2.49833539067758e-127, -2.49833539069496e-127, -2.49833539069496e-127,  -2.49833539069496e-127, -2.49833539069496e-127, -2.50816720762383e-37,  3.75601000102782e+150, 8.97475773465725e-78, -4.83608946904937e+296,  1.61709636368785e+298, 3.46577358270975, -3.06350618882988e-52,  Inf, -2.61735060146368e+119, 3.53325888330268e-252, 3.36730722593536e-13,  -3.59101852248236e-23, 7.04782243154175e-127, 1.29168730115739e+32,  0), y2 = numeric(0))
result <- do.call(gear:::eucdist2,testlist)
str(result)