testlist <- list(eps = 0, x1 = c(1.4174931883648e-311, -9.27191279380401e-227,  -3.30454338512553e-220, 0.00326457501838524, -4.11828281046567e-243 ), x2 = c(2.61830011167902e+122, 2.61830011167902e+122, 2.61830011167902e+122,  2.61830011167902e+122, 2.61830011167902e+122, NaN, 2.61830011167902e+122,  NaN, 2.61830011167902e+122, 2.61830011167902e+122, 2.61830011167902e+122,  2.61830011167902e+122, 2.61830011167902e+122, 2.61830011167902e+122,  2.61830011167902e+122, 2.61830011167902e+122, 2.61830011167902e+122,  2.61830011167902e+122, 2.61830011167902e+122, 2.61830011167902e+122,  2.61830011167902e+122, 2.61830011167902e+122, 2.61830011167902e+122,  2.61830011167902e+122, 2.61830011167902e+122, 2.61830011167902e+122,  2.61830011167902e+122, 2.61830011167902e+122, 2.61830011167902e+122,  2.61830011167902e+122, 2.61830011167902e+122, 2.61830011167902e+122,  2.61830011167902e+122, 2.61830011167902e+122, 2.61830011167902e+122,  2.61830011167902e+122, 2.61830011167902e+122, 2.61830011167902e+122,  2.61830011167902e+122, 2.61830011167902e+122, 2.61830011167902e+122,  0), y1 = c(1.60286753547839e+159, -6.61244364706577e+107, 2.12429456383766e+74,  -8.77198765783449e-92, 3.83649683197529e+273, -2.81904126392668e-103,  1.2979591847538e+265, 1.08424353682997e-19, 4.93859777204042e+220,  9.3425016048197e+112, 4.09981500004494e+214, 3.68941345982899e+142,  2.61830011167899e+122, 2.61830011167902e+122, 2.61830011167902e+122,  2.61830011167902e+122, 2.61830011167902e+122, 2.61830011167902e+122,  2.61830011167902e+122, 2.61830011167902e+122, 2.61830011167902e+122,  2.61830011167902e+122, 2.61830011167902e+122, 2.61830011167902e+122,  2.61830011167902e+122, 2.61830011167902e+122, 2.61830011167902e+122,  2.61830011167902e+122, 2.61830011167902e+122, 2.61830011167902e+122,  2.61830011167902e+122, 2.61830011167902e+122, 2.61830011167902e+122,  2.61830011167902e+122, 2.61830011167902e+122, 2.61830011167902e+122,  2.61830011167902e+122, 2.61830011167902e+122, 2.61830011167902e+122,  2.61830011167902e+122, 2.61830011167902e+122, 2.61830011167902e+122,  2.61830011167902e+122, 2.61830011167902e+122, 2.61830011167902e+122,  2.61830011167902e+122, 2.61830011167902e+122, 2.61830011167902e+122,  2.61830011167902e+122, 2.61830011167902e+122, 2.61830011167902e+122,  2.61830011167902e+122, 2.61830011167902e+122, 2.61830011167902e+122,  2.61830011167902e+122, 2.61830011167902e+122, 2.61830011167902e+122,  2.61830011167902e+122, 2.61830011167902e+122, 2.61830011167902e+122,  2.61830011167902e+122, 2.61830011167902e+122, 2.61830011167902e+122,  2.61830011167902e+122, 2.61830011167902e+122, 2.61830011167902e+122,  2.61830011167902e+122, 2.61830011167902e+122, 2.61830011167902e+122,  2.61830011167902e+122, 2.61830011167902e+122, 2.61830011167902e+122,  2.61830011167902e+122, 2.61830011167902e+122, 2.61830011167902e+122,  2.61830011167902e+122, NaN, 2.61830011167902e+122, 2.61830011167902e+122,  2.61830011167902e+122, 2.61830011167902e+122, 2.61830011167902e+122,  0), y2 = c(4.52707952240169e+243, 1.01978521881258e-68, -1.84592868711702e+164,  -1.98438025193533e+34, 2.8928358857994e-229, -2.08386813770465e-130,  15866654.4999203, 7.33755653783078e+221, -5.44235462690704e+132,  4.82567823345994e+188, -2.09042954741804e-261, 5.57168368224912e+269,  1.58493226275424e-191, 4.84937237405338e-113, -2.15112164565294e+131,  -1.97690115964028e+67, 1.62621609007554e-307, 1.46950620900256e+302,  5.96317638553889e+212, 1.21718409999606e-204, -7.5878115422662e-68,  -3.42504338031276e-54, -1.17796988306997e-267, 1.18483096199524e+132,  -1.32512659130157e-190, -5.34678500873311e-131, -3.62657943165062e-217,  1.67273466070825e-222, 1.84237123254605e+295, 44613761389373456,  1.00299132065777e-13, -1.70053810375355e-99, -6.63813680653119e-29,  4.5457995716784e+254, -6.22662466916699e+153, 1.27320536813223e-212,  -2.21860575208482e+130, 1.07953203534008e+180, -2.54343289609086e+152,  0, 0, 0, 0, 0, 0, 0, 0, 0, 0, 0, 0, 0, 0, 0, 0, 0, 0, 0, 0, 0,  0, 0, 0, 0, 0, 0, 0, 0, 0, 0, 0, 0, 0, 0, 0, 0, 0, 0, 0, 0, 0,  0, 0, 0, 0, 0, 0, 0, 0, 0, 0))
result <- do.call(gear:::eucdist2,testlist)
str(result)