testlist <- list(eps = 0, x1 = c(3.72097434486969e-294, 3.7209743448696e-294,  3.7209743448696e-294, Inf, 3.7209743448696e-294, 3.7209743448696e-294,  3.7209743448696e-294, 3.7209743448696e-294, 3.7209743448696e-294,  3.7209743448696e-294, 3.7209743448696e-294, 3.7209743448696e-294,  3.7209743448696e-294, 3.7209743448696e-294, 3.7209743448696e-294,  3.7209743448696e-294, 3.7209743448696e-294, 3.7209743448696e-294,  3.7209743448696e-294, 3.7209743448696e-294, 3.7209743448696e-294,  3.7209743448696e-294, 3.7209743448696e-294, 3.7209743448696e-294,  3.7209743448696e-294, 3.7209743448696e-294, 3.7209743448696e-294,  3.72097434487441e-294, 3.7209743448696e-294, 3.7209743448696e-294,  3.7209743448696e-294, 3.7209743448696e-294, 3.7209743448696e-294,  3.7209743448696e-294, 3.7209743448696e-294, 3.7209743448696e-294,  3.7209743448696e-294, 3.7209743448696e-294, 3.7209743448696e-294,  3.7209743448696e-294, 3.7209743448696e-294, 3.7209743448696e-294,  3.7209743448696e-294, 3.7209743448696e-294, 3.7209743448696e-294,  3.7209743448696e-294, 3.7209743448696e-294, Inf, 3.7209743448696e-294,  1.0182022619439e-293, 3.7209743448696e-294, 3.7209743448696e-294,  3.7209743448696e-294, 3.7209743448696e-294, 3.7209743448696e-294,  3.7209743448696e-294, 3.7209743448696e-294, 3.7209743448696e-294,  3.7209743448696e-294, 3.7209743448696e-294, 3.7209743448696e-294,  3.7209743448696e-294, 3.7209743448696e-294, 3.7209743448696e-294,  3.7209743448696e-294, 3.7209743448696e-294, 3.7209743448696e-294,  3.7209743448696e-294, 3.7209743448696e-294, 3.7209743448696e-294,  3.7209743448696e-294, 3.7209743448696e-294, 3.7209743448696e-294,  3.7209743448696e-294, 3.7209743448696e-294, 3.7209743448696e-294,  3.7209743448696e-294, 3.7209743448696e-294, 3.7209743448696e-294,  3.7209743448696e-294, 3.7209743448696e-294, 3.7209743448696e-294,  3.7209743448696e-294, 0), x2 = c(3.7209743448696e-294, 3.7209743448696e-294,  3.7209743448696e-294, 3.7209743448696e-294, 3.7209743448696e-294,  3.7209743448696e-294, 3.7209743448696e-294, 3.7209745781855e-294,  3.7209743448696e-294, Inf, 3.7209743448696e-294, 3.7209743448696e-294,  3.7209743448696e-294, 3.7209743448696e-294, 3.7209743448696e-294,  3.7209743448696e-294, 3.7209743448696e-294, 3.7209743448696e-294,  3.7209743448696e-294, 3.7209743448696e-294, 3.7209743448696e-294,  3.7209743448696e-294, 3.7209743448696e-294, 3.7209743448696e-294,  3.7209743448696e-294, 3.7209743448696e-294, 3.7209743448696e-294,  3.7209743448696e-294, 3.7209743448696e-294, 3.7209743448696e-294,  3.7209743448696e-294, 3.7209743448696e-294, 3.7209743448696e-294,  3.7209743448696e-294, 3.7209743448696e-294, 3.7209743448696e-294,  3.7209743448696e-294, 3.7209743448696e-294, 3.7209743448696e-294,  0), y1 = c(3.7209743448696e-294, 3.7209743448696e-294, 3.7209743448696e-294,  3.7209743448696e-294, 3.7209743448696e-294, 3.7209743448696e-294,  3.7209743448696e-294, 3.7209743448696e-294, 3.7209743448696e-294,  3.7209743448696e-294, 3.7209743448696e-294, 3.7209743448696e-294,  3.7209743448696e-294, 3.7209743448696e-294, 3.7209743448696e-294,  3.7209743448696e-294, 3.7209743448696e-294, 3.7209743448696e-294,  3.7209743448696e-294, 3.7209743448696e-294, 3.7209743448696e-294,  3.7209743448696e-294, 3.7209743448696e-294, 3.7209743448696e-294,  3.7209743448696e-294, 3.7209743448696e-294, 3.7209743448696e-294,  Inf, 3.7209743448696e-294, 3.7209743448696e-294, 3.7209743448696e-294,  3.7209743448696e-294, 3.7209743448696e-294, 3.7209743448696e-294,  3.7209743448696e-294, 3.7209743448696e-294, 3.7209743448696e-294,  3.7209743448696e-294, 3.7209743448696e-294, 0), y2 = c(-2.04220038872469e-301,  1.70126149097915e-304, 3.94159094791651e-312, 0, 0, 0, 0, 0,  0, 0, 0, 0, 0, 0, 0, 0, 0, 0, 0, 0, 0, 0, 0, 0, 0, 0, 0, 0, 0,  0, 0, 0, 0, 0, 0, 0, 0, 0, 0, 0, 0, 0, 0, 0, 0, 0, 0, 0, 0, 0,  0, 0, 0, 0, 0, 0, 0, 0, 0, 0, 0, 0, 0, 0, 0))
result <- do.call(gear:::eucdist2,testlist)
str(result)