testlist <- list(eps = -3.17678814184056e-277, x1 = c(7.74860418548935e-304,  7.74860418548935e-304, 7.74860418548935e-304, 7.74860418548935e-304,  7.74860418548935e-304, 7.74860418548935e-304, 7.74860418548935e-304,  7.74860418548935e-304, 7.74860418548935e-304, 7.74860418548935e-304,  7.74860418548935e-304, 7.74860418548935e-304, 7.74860418548935e-304,  7.74860418548935e-304, 7.74860418548935e-304, 7.74860418548935e-304,  7.74860418548935e-304, 7.74860418548935e-304, 7.74860418548935e-304,  7.74860418548935e-304, 7.74860418548935e-304, 7.74860418548935e-304,  7.74860418548935e-304, 7.74860418548935e-304, 7.74860418548935e-304,  7.74860418548935e-304, 7.74860418548935e-304, 7.74860418548935e-304,  7.74860418548935e-304, 7.74860418548935e-304, 7.74860418548935e-304,  7.74860418558136e-304, 7.74860418548935e-304, 7.74860418548935e-304,  7.74860418548935e-304, 7.74860418548935e-304, 7.74860418548935e-304,  7.74860418548935e-304, 7.74860418548935e-304, 7.74860418548935e-304,  7.74860418548935e-304, 7.74860418548935e-304, 7.74860418548935e-304,  NA, NA, 7.74860418548935e-304, 7.74860418548935e-304, 7.74860418548935e-304,  7.74860418548935e-304, 7.74860418548935e-304, 7.74860418548935e-304,  7.74860418548935e-304, 7.74860418548935e-304, 7.74860418548935e-304,  7.74860418548935e-304, 7.74860418548935e-304, 7.74860418548935e-304,  7.74860418548935e-304, 0), x2 = c(-1.17255401062255e-117, -1.17255401062255e-117,  -1.17255401062255e-117, -1.17255401062255e-117, -1.17255401062255e-117,  -1.17255401062255e-117, -1.17255401062255e-117, -1.17255401062255e-117,  -1.17255401062255e-117, -1.17255401062255e-117, -1.17255401062255e-117,  -1.17255401062255e-117, -1.17255401062255e-117, -1.17255401062255e-117,  -1.17255401062255e-117, -1.17255401062255e-117, -1.17255401062255e-117,  -1.17255401062255e-117, -1.17255401062255e-117, -1.17255401062255e-117,  -1.17255401062255e-117, -1.17255401062255e-117, -1.17255401062255e-117,  7.74860418548935e-304, 7.74860418548935e-304, 7.74860418548935e-304,  7.74860418548935e-304, 7.74860418548935e-304, 7.74860418548935e-304,  7.74860418548935e-304, 7.74860418548935e-304, 7.74860418548935e-304,  7.74860418548935e-304, 7.74860418548935e-304, 7.74860418548935e-304,  7.74860418548935e-304, 7.74860418548935e-304, 7.74860418548935e-304,  7.74860418548935e-304, -7.0641679763006e-304, 7.74860418548935e-304,  7.74860418548935e-304, 7.74860418548935e-304, -1.17255401062255e-117,  7.74860418548935e-304, 7.74860418548935e-304, 7.74860418548935e-304,  7.74860418548935e-304, 7.74860418548935e-304, 7.74860418548935e-304,  7.74860418548935e-304, 7.74860418548935e-304, 7.74860418548935e-304,  7.74860418548935e-304, 2.64619386501571e-260, 2.6461938652295e-260,  2.6461938652295e-260, 2.6461938652295e-260, 2.6461938652295e-260,  2.64637523072611e-260, 2.6461938652295e-260, 2.6461938652295e-260,  2.6461938652295e-260, 2.6461938652295e-260, 2.6461938652295e-260,  2.6461938652295e-260, 2.6461938652295e-260, 2.6461938652295e-260,  2.6461938652295e-260, 2.6461938652295e-260, 2.6461938652295e-260,  2.6461938652295e-260, 2.6461938652295e-260, 2.6461938652295e-260,  2.6461938652295e-260, 2.6461938652295e-260, 2.6461938652295e-260,  2.6461938652295e-260, 2.6461938652295e-260, 2.6461938652295e-260,  2.6461938652295e-260, 2.6461938652295e-260, -3.17678813775289e-277,  -3.17678814183953e-277, -3.17678814184056e-277, -3.17678814184056e-277,  -3.17678814184056e-277, -3.17678814182414e-277, -3.17678814184056e-277,  -3.17678814184056e-277, -3.17678814184056e-277, -3.17678814184056e-277,  -3.17678814184056e-277, -3.17678814184056e-277, -3.17678814184056e-277,  -3.17678814184056e-277, 0), y1 = c(7.74860418548935e-304, 7.74860418548935e-304,  7.74860418548935e-304, 7.74860418548935e-304, 7.74860418548935e-304,  -1.17242796155238e-117, -1.17255401062255e-117, -1.17255401062255e-117,  -1.17255401062255e-117, -1.17255401062255e-117, -1.17255401062255e-117,  -5.36707828801203e-118, -1.17255401062255e-117, -1.17255401062255e-117,  -1.17255401062255e-117, -1.17255401062255e-117, -1.17255401062255e-117,  -1.17255401062255e-117, -1.17255401062255e-117, -1.17255401062255e-117,  -1.17255401062255e-117, -1.17255401062255e-117, -1.17255401062255e-117,  -1.17255401062255e-117, -1.17255401062255e-117, -1.17255401062255e-117,  -1.17255401062255e-117, -1.17255401062255e-117, -1.17255401062255e-117,  -1.17255401062255e-117, -1.17255401062255e-117, -Inf, -1.17255401062255e-117,  -1.17255401062255e-117, -1.17255401062255e-117, -1.17255401062255e-117,  -1.17255401062255e-117, -1.17255401080721e-117, -1.17255401062255e-117,  -1.17255401062255e-117, -1.17255401062255e-117, -1.17255409630459e-117,  -1.17255401062255e-117, -1.17255401062255e-117, -1.17255401062255e-117,  -1.17255401062255e-117, 0), y2 = c(-3.17678814184056e-277, -3.17678814184056e-277,  -3.17678814184056e-277, -3.17678814010023e-277, -3.17678814184056e-277,  -3.18284805948415e-277, -3.17678814184056e-277, -3.17678814184056e-277,  -3.17678814184056e-277, -3.17678814184056e-277, -3.17678814184056e-277,  -3.17678814184056e-277, -3.17678814184056e-277, -3.17678814184056e-277,  -3.17678814184056e-277, -3.17678814184056e-277, -3.17678814184056e-277,  -3.17678814184056e-277, -3.17678814184056e-277, -3.17678814184056e-277,  -3.17678814184056e-277, -3.17678814184056e-277, -3.17678814184056e-277,  -3.17678814184056e-277, -3.17678814184056e-277, -3.17678814184056e-277,  -3.17678814184056e-277, -3.17678814184056e-277, -3.17678814184056e-277,  -3.17678814184056e-277, -3.17678814184056e-277, -3.17678814184056e-277 ))
result <- do.call(gear:::eucdist2,testlist)
str(result)