testlist <- list(eps = 0, x1 = c(2.33560062745993e-91, 1.32681679977275e-315,  -1.25293812057036e-52, 2.86017143563223e-308, 5.45219036710255e-310,  2.64256434141643e-125, 1.93068617433183e-257, 8.73997007620516e+152,  1.92904766045768e-121, 7.69393357714511e-115, 1.16977348789727e+155,  -6.284331858444e-237, 4.09495312611452e-156, 1.77288451344301e+81,  7.30351788343351e+245, 2.53648798268427e+260, 9.09252021533702e-172,  4.89793360127433e+294, 3.0135153699541e+296, 3.0135153699541e+296,  3.0135153699541e+296, 3.0135153699541e+296, 3.0135153699541e+296,  3.013514998414e+296, 6.74292514273455e-308, -2.24091044999004e-162,  8.31991587668871e+214, 5.27978528668767e+241, 1.56502361611417e-08,  1.48431441806053e-147, -8.70679849398304e+175, -3.3266011189287e-96,  Inf, -3.36784498174258e-13, 2.2635875871777e-97, 7.21805959480524e-153,  3.75658321872677e-307, 4.02052802072923e+77, 9.78597832733247e-295,  1.32515007107773e+304, 1.24295379909437e+193, -1.01766835176553e-176,  2.13081224699167e-306, 4.27034002737428e-225, 1.83700739268036e+295,  44613761389373456, 7.77090039471113e-243, 2.3371709280754e+178,  -1.51185219142135e+100, 1.48509063133595e+151, -4.935520031707e-178,  4.35713332857906e-23, -1.13853964838196e+217, -1.34248973094351,  -3.77133744814312e+264, 526188584.425339, -1.68064395986298e+112,  1.61337657345915e-109, 5.84023841882129e-162, 1.26396830123448e-109,  1.45416948911125e-48, -2.17052593483747e+177, 9.6549161147617e-306,  -9.56751533895181e+302, -4.63135416405902e-282, 3.83096637976079e-306,  3.83094465052381e-306, -4.03751393280752e+247, 6.98515963787954e+303,  -2.25732825323476e+149, 7.01939929270741e+116, 4.27749325077951e+81,  6.2897752130965e-252, -4.94660915787833e+173, 1.36755550753951e-215,  Inf, 4.83395786274431e+176, 5.57168368224912e+269, 1.3631532071639e+122,  5.36909045697854e-16, 6.18276754491895e+172, -8.26305822454215e-104,  -3.62627129016487e+265, -2.32962185873585e-21, 5.40638839707911e+87,  1.4919890803611e-154, 1.3058373867903e+50, 3.46698611897632e-306,  -8.05945083078099e+257, 1.39098954479859e-309, -0.00177005718028122,  6.81505309571102e-20, 1.26358651179392e+117, 1.15063716654321e+246,  6.42953081398103e+91, 7.54411979383689e-304, -652334.765157289,  -4.72430154130538e-178, -6.81405800087516e+107, NA), x2 = c(9.96199450579851e-48,  1.04757389676312e-135, -2.09621634890237e-137, 0.0690994263857967,  1.78934673423614e-125, -8.52839549146304e+127, 5.41651257207799e-57,  4.15082210971086e-151, -9.88810976801076e+176, -5.71731300145467e+278,  1.39238749456653e-309, 1.48062333397489e-18, -3.0213708562696e+143,  1.46445242822013e-261, -8.93987622922702e-231, -3.18478554037176e-241,  -5.38921226715852e+194, -1.1273639220635e-147, -1.22905239202987e-223,  -4.52214491989481e-282, -4.6313541705684e-282, 4.39844847886149e+296,  2.25106742712214e-146, 1.18333266372383e-66, -3.29631933735925e+234,  -1.06076721928005e-144, 5.28454872867805e-162, 1.26396830123448e-109,  1.29651640214375e-46, -2.17052593483747e+177, -2.12427443265018e+105,  -4.71541787344542e+32, 5.1567924770659e+294, -1.26832516584544e-201,  3.68941243156978e+142, 2.51301912355933e+134, -1.32513622327625e-190,  -5.3467850087331e-131, -6.6643366627952e+260, 1.38819723004684e-200,  9.70815500676051e+204, -1.75381548517434e-182, 9.78256930468533e+110,  -1.09523367017927e+61, 5.9271754369003e-184, 1.27089649608415e-187,  3.73363331161934e+150, -8.97475773465725e-78, -13224726459.0908,  9.96199450579851e-48, 1.98141864604823e-95, -20024877092353,  1.9213933788818e+62, 2.83342409742912e-306, -3.06575280360931e-200,  1.43554422283187e-44, 5.55728648855478e+22, -2.86584672495542e-255,  -1.4381374081086e-31, -1.5480406521843e+82, 8.08103849277118e-317,  0, 0, 0, 0, 0, 0, 0, 0, 0, 0, 0, 0, 0, 0, 0, 0, 0, 0, 0, 0, 0,  0, 0, 0), y1 = c(-5.11411954320769e-238, 3.06312082958696e+296,  3.0135153699541e+296, 3.0135153699541e+296, 3.0135153699541e+296,  3.0135153699541e+296, 3.0135153699541e+296, 3.0135153699541e+296,  3.0135153699541e+296, 3.0135153699541e+296, 3.0135153699541e+296,  3.0135153699541e+296, 3.0135153699541e+296, 3.0135153699541e+296,  3.0135153699541e+296, Inf, 3.0135153699541e+296, 3.0135153699541e+296,  3.0135153699541e+296, 3.0135153699541e+296, 3.0135153699541e+296,  3.0135153699541e+296, 3.0135153699541e+296, 3.0135153699541e+296,  3.0135153699541e+296, 3.0135153699541e+296, 3.0135153699541e+296,  NA, -1.18234322138482e-11, 1.99873893186838e+295, 3.78253139556956e-172,  -7.89220520258906e+276, 2.18614704291969e-310, 1.8620133691733e+56,  8.60450745925905e+170, 1.21373262043093e+301, -3.83382849096893e-269,  NA, -1.01207875459591e-294, -6.08857923029931e+168, 5.43901365064614e-312,  1.00299111789762e-13, -1.65733423807152e-99, -6.63822347337869e-29,  4.5457995716784e+254, -3.44161647696486e-35, -1.98438071359621e+34,  NA, -3.30785572829293e+263, -1.00690656345843e-273, -6.66433666279531e+260,  1.38819723004684e-200, Inf, -1.75381548517434e-182, 1.12856365576606e+111,  -1.09523367017872e+61, 5.9271754369003e-184, 1.99450591276492e+169,  3.2829740794471e+216, -5.37616905147658e+288, -4.09420688459191e+265,  -2.75775190920812e-291, -95246250757.0645, -9.02763655877575e+294,  -2.7648131499784e-271, -3.67277287610516e+99, -0.000148743461577237,  2.68761930790875e-291, -4.6313541705684e-282, 0), y2 = numeric(0))
result <- do.call(gear:::eucdist2,testlist)
str(result)