testlist <- list(eps = 7.74872239253808e-304, x1 = c(7.74860418548935e-304,  7.74860418548935e-304, 7.74860418548935e-304, 7.74860418548935e-304,  7.74860418548935e-304, 8.20073919353801e-304, Inf, 7.74860418548935e-304,  7.74860418548935e-304, 7.74860418548935e-304, 7.74860418548935e-304,  7.74860418548935e-304, 7.74860418548935e-304, 7.74860418548935e-304,  7.74860394103543e-304, 7.74860418708084e-304, 7.74860418548935e-304,  7.74860418548935e-304, Inf, 7.74860418548935e-304, 7.74860418548935e-304,  7.74860418548935e-304, 7.74860418548935e-304, 7.74860418548935e-304,  7.74860418548976e-304, 7.74860418548935e-304, 7.74860418548935e-304,  7.74860418548935e-304, 7.74860418548935e-304, 7.74860418559462e-304,  7.74860418548935e-304, 7.74860418548935e-304, 7.74860418548935e-304,  7.74860418548935e-304, 7.74860418548935e-304, 7.74860418548935e-304,  7.74860418548935e-304, -1.12288484657071e+270, 7.74860418548935e-304,  7.74860418548935e-304, 7.74860418548935e-304, 7.74860418548935e-304,  7.74860418548935e-304, 7.74860418548935e-304, 3.54057165645026e-96,  7.74860418548935e-304, 7.78242530813866e-304, 7.74860418548935e-304,  7.74860418548935e-304, 7.74860418548935e-304, NaN, 7.74860418548935e-304,  7.74860418548935e-304, 7.74860418548935e-304, 7.74860418558509e-304,  2.22561921974703e-308, 7.74860418548893e-304, 3.54057165645026e-96,  0), x2 = c(NA, 7.74860418548935e-304, 7.74860418548935e-304,  7.74860418548935e-304, 7.74860418548935e-304, 7.74860418548935e-304,  NA, 7.74860418548935e-304, 7.74860418548935e-304, 7.74860394103543e-304,  NaN, 7.74860418548935e-304, 7.74860418548935e-304, 7.74860418548935e-304,  7.74860418548935e-304, 7.74860418548935e-304, 7.74860418548935e-304,  7.74860418548935e-304, 7.74860418549722e-304, 7.74860418548935e-304,  7.74860418548935e-304, 7.74860418548935e-304, 7.74860418548935e-304,  7.74860418548935e-304, 7.74860418548935e-304, Inf, 7.74860418548935e-304,  7.74681714747669e-304, -1.17234648102011e+217, 95.777448840338,  -9.49965489310113e-272, 7.74860418548935e-304, -1.11814610338302e-218,  5.28736667283445e+202, -2.86439499564374e+79, 1.27171785317601e+32,  7.27866839395753e-304, 4.16841756433997e+216, 1.77638799941844e-103,  3.03302542577198e+67, 7.78963466942964e+235, -3.58131932455639e+99,  -6.90497124096089e+135, -1.97272183211855e+299, -4.80684531751045e-211,  1.27171785317634e+32, 0), y1 = c(-6.813199350629e-68, 4.91599523387193e-131,  4.06912859027726e-34, 1753402522703236096, -4.3428764103605e-201,  -4.78100526123232e-178, -6.80832488859551e+107, 1.90571888502393e+139,  -3.001710958733e+63, -8.58221484813696e+249, -6.813199350629e-68,  5.23821059483045e+134, -1.07002243102713e-151, -7.66433052776074e-108,  -1.46771274129737e-29, -9.26916759452804e-30, 2.77067322468e+114,  2.41071136346778e-232, 6.39501900595288e+205, 6.02693218314521e-310,  -1.23705256986998e-178, -1.20057108978574e-308, 6.57109865112217e-307,  -2.69788073072082e+101, -4.63974408638631e-292, 9.18418074942651e+128,  -2.27270409269352e-37, 8.82151305622901e-73, 5.13650527633291e-247,  4.3999148892391e-229, -6.23326766748959e+304, 7.74860418548942e-304,  7.74860418548935e-304, 7.74860418548935e-304, NA, 7.74860418548935e-304,  7.74860418548935e-304, NA, 7.74860418548935e-304, 7.74860418548935e-304,  7.74860418548935e-304, 4.77801807299031e-299, 7.74860420999923e-304,  7.74860418548935e-304, 4.5578447820781e-304, -2.14251855280632e+38,  2.69240212907825e+226, 6.50138800858794e-258, -3.56115048508618e+237,  -6.10619926702613e+44, -1.37393942591899e-48, 3.26704768937153e-168,  -4.85468701800249e+92, -1.0053055433713e+296, -2.58963530999456e+161,  2.62477117580686e-304, -2.50816720762383e-37, 6.28882817465271e+102,  2.24355001191217e-159, 4.71888877138238e+89, 7.74860462316334e-304,  7.74860418548935e-304, 7.74860418548935e-304, 7.74860418548935e-304,  7.74860418548935e-304, 7.74860418548935e-304, 7.74860418559462e-304,  7.74860418548935e-304, NA, 7.74860418548935e-304, 7.74860418548935e-304,  7.74860418548935e-304, 7.74860418548935e-304, 7.74860418548935e-304,  -1.12288484657071e+270, 1.45858181185341e-303, 7.74860418548935e-304,  7.74860418548935e-304, 7.74860418548935e-304, 7.74860418548935e-304,  7.74860418548935e-304, 7.74860418548935e-304, 0), y2 = c(-7.66393995882265e+106,  3.75601000522813e+150, 8.97475773465725e-78, -4.83607699504743e+296,  1.61709628572534e+298, 227132.937516466, -3.06350618882988e-52,  1.13166794143113e+182, -6.15341049139196e-72, -6.54913722644121e+150,  1.89143448061817e+41, -2.61194422921664e-89, 5.15711505165492e-257,  2.33563339919143e-91, 7.74890313116566e-304, 7.74860418548935e-304,  7.74860418548935e-304, 7.74860418548935e-304, 7.74860418548935e-304,  7.74860418548935e-304, 7.74860418548935e-304, 7.74860418548935e-304,  7.74860418548935e-304, 7.74860418548935e-304, 7.74860418548935e-304,  1.79274222587394e-299, 7.74860418548935e-304))
result <- do.call(gear:::eucdist2,testlist)
str(result)