testlist <- list(eps = -4.4008289108783e-144, x1 = c(2.12429456383766e+74,  3.13162700522592e-294, 3.83649559056062e+273, -2.81904126392668e-103,  1.67525567985878e-308, -2.27704362890329e+188, 1.2539393029839e+103,  9.64715308285803e+30, -1.16646670834955e-147, -6.66270415042282e-243,  -1.73441693310372e-179, 4.79615346244418e+20, -7.40908883717425e-188,  NaN, 3.76512197955142e+111, 1.28048064095863e-287, -2.7260934408256e+244,  -2.56368146085684e-69, -1.01253422898003e+295, 1.30549300424963e+87,  1.20077806702814e+145, 2.0726058556513e-310, 1.34088568750307e-229,  -2.08750844382753e-261, -6.2266246691599e+153, 9.03462819709582e-215,  2.20725833852426e+137, -1.02372632047263e+253, -3.32660111893168e-96,  1.47960596159591e+237), x2 = c(-1.43446805775973e-161, 4.11859698657003e-25,  2.42403549179102e+87, 9.99923674762995e+160, 1.14952760077934e+308,  4.09495312611454e-156, 18010457.5264878, -4.6574033582089e-10,  8.29903116853771e+180, 1.2965164054042e-46, -2.17052593483989e+177,  -2.13295344352612e+105, -7.27146827702825e-188, 6.32387443584801e-252,  6.73985928214514e-310, -3.30811224361774e+263, -1.00690656359178e-273,  -5.3523455459389e+45, 1.40019758684769e+91, -1.77066896330885e+55,  -4.75263687570694e-178, -6.80832425378016e+107, 8.24548651627773e+136,  -1.73441620976368e-179, -3.02137085628715e+143, -1.07335710069748e+237,  1.20695524028731e-309, -2.61137814225456e+264, -3.30891751238627e-167,  -7.01479897420996e+64, -1.31859026328079e+88, -9.6975775438588e+300,  2.13257877418747e-305, -2.38884237765089e-10, -1.30883576249855e+40,  NaN, -1.04192199499838e+242, -5.09509417002901e+85, 1.06032997626578e-309,  3.58016104788023e+39, -1.5389888584868e+167, 1.99312528577013e+169,  -1.09063363636424e+308, -5.37616905147658e+288, -1.87951679824091e+266,  1761.29037571005, 1.40019758511412e+91, -1.77066896330885e+55,  -4.75263687570694e-178, -6.80832425378016e+107, -1.42283048198988e-161,  4.11859698657003e-25, 2.47940155521944e+87, 2.15291516540256e-203,  9.70815500676051e+204, 4.29742951260952e-250, -2.17674537487824e+299,  -8.30912394988109e-104, -9.0084867592549e+81, 3.01931086694941e-107,  4.53886020690141e+279, -2.50732863226979e+35, -2.54605003775593e+245,  -2.31950618079925e+195, -1.75388876035548e-182, 4.19929369209027e-140,  7.43715029324572e-218, 4.14808036018666e-310, -3.00171095873297e+63,  2.56749867265784e+151, 2.56736518266364e+151, 2.56736518266364e+151,  2.56736518266364e+151, 2.56736518266364e+151, 2.56736518266364e+151,  2.56736518266364e+151, 2.56736518266364e+151, 2.56736518266364e+151,  2.56736518266364e+151, 2.56736518266364e+151, 2.56736518266364e+151,  2.56736518266364e+151, 2.56736518266364e+151, 1.74741679572474e-207,  5.15232292036569e-188), y1 = c(8.65821217888307e-304, 2.32125676133977e-315,  -2.56332318178539e-69, -2.56371601591631e-69, 1.60286753548533e+159,  -6.61244364706577e+107, 2.12429456383766e+74), y2 = c(Inf, -4.11828380712754e-243,  -1.95894957698036e-77, -7.62084061562039e+160, -Inf, 8.47829713709715e-163,  Inf, -Inf, 0, -8.6244843062408e+81, 3.01931086694941e-107, 4.53886020690141e+279,  NaN))
result <- do.call(gear:::eucdist2,testlist)
str(result)