testlist <- list(eps = 7.75037723689725e-304, x1 = c(-1.00976809047168e-294,  -1.65923311961602e+139, -1.25285905000931e-52, 3.40062824303885e-307,  -1.47017392936622e-08, 6.89642726487004e-161, 3.56851881960778e-128,  -5.11411954320769e-238, -2.37648738226048e-197, 1.47960596083784e+237,  4.4790802764474e-172, 8.09880219921894e+62, -1.17115615615e+212,  8.89926856466142e-229, 7.53416878527662e-218, 4.85117622763326e+20,  -7.37289604618617e-188, NaN, 8.15556746808899e+221, -5.4236391058933e+132 ), x2 = c(-2.53017067698439e-98, -2.53016991940817e-98, -2.53017067698439e-98,  -2.53017067698439e-98, -2.53017067698439e-98, -2.53017067698439e-98,  -2.53017067698439e-98, -2.53017067698439e-98, -2.53017067698439e-98,  -2.53028763437686e-98, -2.53017067698439e-98, -2.53017067698439e-98,  -2.53017067698439e-98, -2.53017067698439e-98, -2.53017067698439e-98,  -2.53017067698439e-98, -2.53017067698439e-98, -2.53017067698439e-98,  -2.53017067698439e-98, -2.53017067698439e-98, -5.79185328438943e-98,  -2.53017067698439e-98, -1.01206827079375e-97, -2.53017067698439e-98,  -2.53017067698439e-98, -2.53017067698439e-98, -2.53017067698439e-98,  -2.53017067698439e-98, -2.53017067698439e-98, -2.53017067698439e-98,  -2.53017067698439e-98, -2.53017067698439e-98, -2.53017067698439e-98,  -2.53017067698439e-98, -2.53017067698439e-98, -2.53017067698439e-98,  -2.53017067698439e-98, -2.53017067698439e-98, -3.81085443163996e-99,  -2.53017067698439e-98, -2.53017067698439e-98, -2.53017067698439e-98,  -2.53017067698281e-98, -2.53017067698439e-98, -2.53017067698439e-98,  -2.52995859924577e-98, 1.97021128101984e-305, -2.53017067698434e-98,  -2.53017067698439e-98, -2.53017067698439e-98, -2.53016991940817e-98,  -2.53017067698439e-98, -0.0540441176470588, -2.53017067698439e-98,  -2.53017067698439e-98, -2.53017067698439e-98, -2.53017067698439e-98,  -2.53017067698439e-98, -2.53017067698439e-98, -2.53017067698439e-98,  -2.53017067698439e-98, -2.53017067698439e-98, -2.53017067698439e-98,  -2.53017067698439e-98, -2.53017067698439e-98, -2.53017067698439e-98,  -2.53017067698439e-98, -2.53017067698439e-98, -2.53017067698439e-98,  Inf, -0.0540441176470588, -2.53017067698439e-98, -2.53017067698439e-98,  -2.53017067698439e-98, -2.53017067698439e-98, -2.53017067698439e-98,  -2.53017063338288e-98, -2.53017067698439e-98, -2.53017067698439e-98,  -2.53017067698439e-98, -2.53017067698439e-98, -2.53017067698439e-98,  0), y1 = c(4.5457995716784e+254, -3.44161647696486e-35, 5.70108933595132e-130,  8.59579970437492e-305, 5975762145752383488, 1.11850700034451e+276,  -4.75815615396415e+152, 1.35065250226119e-106, 3.92031339396152e-101,  3.91768025686314e+225, 6.50138800858794e-258, 7.88378939780192e-27,  -8.68186190097993e-78, 1.28503062928163e+42, -3.52298626953631e-35,  9.56821224150396e+229, -652334.765317506, -3.18764354405873e-219,  -7.41944926541053e-68, 8.56968128593256e-299, 7.43777790862923e-304,  2.47940155522207e+87, -2.38778460595625e-87, -1.84865197737565e-25,  -1.39998614884797e+107, -3.27111939982526e-214, -1.31461970459912e-202,  4.16882816770747e+216, 0, 6.56698390180494e-305, -5.6699810438638e-135,  -5.35391357362597e+45, 1.35464277839293e+91, -7.22221356841538e+193,  -5.2008826150408e-186, -6.62319093132217e+243, 3.12693713356538e+307,  -3.63492356758517e-132, 8.42657909842359e-310, -5.69872879563178e+126,  7.16188496374859e-28, 9.1252627249522e-210, -1.49633793133556e+241,  5.15232292036572e-188, 1.94906652339456e+289, -2.09704496292258e+268,  -1.69242527513692e+230, -2.99312782502231e+250, 6.98521252988308e+303,  -1.38857005512913e-257, -1.25377110375123e+267, 7.77105150009962e-243,  2.14014115818418e-69, 1.75783955077712e-313, 6.5701937224781e-307,  7.19372835968437e-304, -7.0238186675045e-123, -3.28832437174318e-219,  1.02059432041389e-202, -8.528397557263e+127, NaN), y2 = c(7.74860418548935e-304,  7.74860418548935e-304, 7.74860418548935e-304, 7.74860418920284e-304,  7.74860418548935e-304, 7.74860418548935e-304, 7.74860418548935e-304,  7.80556607626713e-304, 7.74860418548935e-304, 7.74860418548935e-304,  7.74860418548935e-304, 4.62957312494836e-299, 5.83290208324439e-302,  5.45361239830194e-312, 7.74860418554157e-304, 2.8487926012762e-306,  7.74860418548893e-304, 7.74860418548935e-304, 7.74860418548935e-304,  7.74860418548935e-304, 7.74860418548935e-304, 7.74860418548935e-304,  7.74860418548935e-304, 7.74860418548935e-304, 7.74860418548935e-304,  7.74860418548935e-304, 7.74860418548935e-304, 7.74860418548935e-304,  7.74860418548935e-304, 7.70054259014559e-304, 7.74860418548935e-304,  7.74860418538325e-304, 7.74860418548935e-304, 7.74860418548935e-304,  7.74860418548935e-304, 1.3961247739653e-309, 7.74860418548935e-304,  7.74860418548935e-304, 7.74860418548935e-304, 7.74860418548935e-304,  7.74860418548313e-304, 7.74860418548935e-304, NA, 7.74860418548935e-304,  7.74860418548935e-304, 7.74881278616358e-304, 0))
result <- do.call(gear:::eucdist2,testlist)
str(result)