testlist <- list(eps = 0, x1 = c(-8.87616861339996e-227, -1.55160090365867e-176,  -2.8979273849685e-134, 6.13687492565274e-292, -1.24232038226264e+298,  9.33276742861576e+198, 2.02677474347399e+186, 5.15456312797978e-306,  -3.67449987014083e-12, -3.06350643571192e-52, -2.08417939135666e-130,  -33553986.3289245, NaN, 4.11930496902274e-175, -3.85515401983171e+79,  -4.4791948222859e-283, 7.19900229885465e-63, -8.23459812762193e-125,  3.78692047503804e+276, -4.45153521653402e-56, 2.77030987330216e+152 ), x2 = c(3.7285581203771e+246, -8.31048472713604e-67, -2.02469334935347e+144,  1.76304263339023e-307, -3.04639649465413e-177, 7.68501517370789e+295,  -6.0864656385088e-202, -4.23622439095544e-174, 1.86373390268449e+105,  1.28494861520081e+42, -1.54804065458757e+82, 8.08103849277118e-317,  0, 0, 0, 0, 0, 0, 0, 0, 0, 0, 0, 0, 0, 0, 0, 0, 0, 0, 0, 0, 0,  0, 0, 0, 0, 0, 0, 0, 0, 0, 0, 0, 0, 0, 0, 0, 0, 0, 0, 0, 0, 0,  0, 0, 0, 0, 0, 0, 0, 0, 0, 0, 0, 0, 0, 0, 0, 0, 0, 0, 0, 0, 0 ), y1 = c(8.72396609794177e-315, -3.22534323973138e+193, 3.77507580617215e+283,  8.1436916444321e-116, -1.70884293058155e+97, 3.46736793855666e-129,  4.30741890763699e-81, 4.28136784829713e-296, 1.24295379909437e+193,  9.175888800685e-307, -1.82639555619277e-07, -4.2372858822964e-119,  -1.19043356885614e+85, 3.23712228660676e-262, 1.82363221083299e-238,  4.35812421290471e+289, 1.11765367033464e-296, 1.40178756741119e+223,  2.25779357821345e-308, 2.8318615572865e+302, 4.11932782999429e-175,  -3.85515401974544e+79, -3.02137085628715e+143, -1.07335709985308e+237,  1.20695531411163e-309, 3.32562378928678e+80, -1.04944149130577e-291,  -6.66433666280476e+260, -1.24299680236504e+248, 9.70815500676051e+204,  4.46572320545082e-23, -1.13853964838196e+217, 95.7774360421032,  2.0018737059126e-28, -4636757156417978, 1.65447250389292e-256,  -2.30374790479512e+88, 9.3144442055251e+294, 1.87140051912765e+293,  7.81174850164908e+153, -1.81388628605987e-210, 2.97417034753781e-112,  3.07889205700993e+72, -5.6835814252868e+115, -1.49905137588813e-296,  -4.83607699504741e+296, -4.39048939437592e-283, -1.65645042024735e-05,  -2.82126998683104e+116, -6.38134469821058e+295, 2.55005140002753e+79,  4.14872026638745e+293, 1.32515007131728e+304, 1.24295379909437e+193,  -1.01766835177128e-176, -8.76564834113833e-244, 1.63920632895006e+68,  3.12377786073991e-115, 9.8820258034891e-217, -8.30912394988109e-104,  -3.62627129016597e+265, -7.14754307476965e-22, 3.19469238205929e-38,  -9.35428015441112e+297, 9.33276742861576e+198, 2.02677474347399e+186,  5.15456312797978e-306, -3.67449987014083e-12, -3.06350643571193e-52,  -2.08417939135666e-130, -33553986.328913, NaN, 4.11930496902274e-175,  -3.85515401974544e+79, -4.4791948222859e-283, 7.19900229885465e-63,  -8.23459812762193e-125, -9.52388713733496e+77, -5.85994886813207e-180,  2.46070179202528e+50, -2.82126998683104e+116, 4.54593602506661e+254,  -3.44161647696486e-35, 5.70100839813365e-130, 1.71915994087498e-304,  -1.52497668351926e-123, -7.37401972952527e-188, NaN, 1.63920632993207e+68,  3.12377786073991e-115, -2.24223929745515e+63, -8.58221484813696e+249,  -6.813199350629e-68, 5.23821059483045e+134, -2.68142934620401e+244,  -3.57191934071357e+190, 8.45372734799103e+103, -1.41925180467007e+232,  -1.46228129790746e-23), y2 = numeric(0))
result <- do.call(gear:::eucdist2,testlist)
str(result)