testlist <- list(eps = 1.22176384420438e+161, x1 = c(-595284992, NA, 9091.51372549019,  -595821443.513725, 1.86201336917352e+56, -Inf, 1.21137823139975e+301,  NA, -1.15375671605667e+111, -2.084156158448e-130, 3.31036971552863e-28,  4.16886472442394e+216, 2.8479657171966e-306, 9.5710759644145e+188,  4.54602997826974e+254, -3.44161647738416e-35, 1.27578859477316e-212,  -1.764571089569e-149, 2.03275478903305e-259, -2.94536186250862e+296,  0), x2 = c(8.17047123570651e-304, 7.74860418548935e-304, 7.74860418548935e-304,  7.74860418548935e-304, 7.74860418548935e-304, 7.74860418548935e-304,  7.74860418548935e-304, 7.74860418548935e-304, 7.74860418548935e-304,  7.74860418548935e-304, 7.74860418548935e-304, 7.74860418548935e-304,  7.74860418548935e-304, 7.74860418548935e-304, 8.6599944379339e-304,  7.74860418548935e-304, 7.42168835137324e-251, 7.74860418548935e-304,  7.74860418548935e-304, 7.74860418548935e-304, 7.74860418548935e-304,  7.74860418548939e-304, 7.74860418548935e-304, 7.74860418548935e-304,  7.74860418548935e-304, 7.74860418548935e-304, 7.74860418548935e-304,  7.74860418548935e-304, 7.74860418548935e-304, 7.74860418548935e-304,  7.74860418548935e-304, 7.74860418548935e-304, 7.74860418548935e-304,  7.7487362992497e-304, 7.74860418548935e-304, 7.74860418548935e-304,  7.74860418548935e-304, 7.74860418548935e-304, 7.74860418548935e-304,  7.74860418548935e-304, 7.74860429413553e-304, 7.74860418548935e-304,  NA, 7.74872239253808e-304, 7.74860418548935e-304, 7.74860418548935e-304,  0), y1 = c(7.74860418548935e-304, 7.74860418548935e-304, 7.74860418548935e-304,  7.74860418548935e-304, 7.74860418548935e-304, 7.74860418548935e-304,  7.74860418548935e-304, 7.74860418548935e-304, 7.74860418548935e-304,  -6.35530300813869e+197, 7.74860418548935e-304, 7.74860418548935e-304,  7.74860418548935e-304, 7.74860418548935e-304, 7.74860418548935e-304,  7.74860418548935e-304, 7.74860418548935e-304, 7.74860418548935e-304,  7.74860418548935e-304, 7.74860418548935e-304, 7.74860418548935e-304,  7.74860418548935e-304, 7.74860418548935e-304, 7.74860418548935e-304,  7.74861103009287e-304, 7.74860418548935e-304, 7.74860418548935e-304,  7.74860418548935e-304, 7.74860418548935e-304, 7.74860418548935e-304,  8.2016153163698e-304, 7.74860418548935e-304, 7.74860418548935e-304,  7.74860418548935e-304, 7.74860418548935e-304, 7.74860418548935e-304,  7.74860418548935e-304, 7.74860418548935e-304, 7.74860418548935e-304,  7.74860418548935e-304, 7.74860418548935e-304, 7.74860418548935e-304,  NA, 7.74860418548935e-304, 7.29290905926707e-304, 7.74860418554198e-304,  0), y2 = c(7.74860418548935e-304, 7.74860418548935e-304, 7.74860418548935e-304,  7.74860418548935e-304, 7.74860418548935e-304, 7.74860418548935e-304,  7.74860418548935e-304, 7.74860418750524e-304, 7.74860418548935e-304,  7.74860418548935e-304, 7.74860418548935e-304, 7.74860418548935e-304,  7.74860418548935e-304, 7.74860418548935e-304, 7.74860418548935e-304,  7.74860418548935e-304, 7.74860418548935e-304, 7.74860418548935e-304,  7.74860418548935e-304, 7.74860418548935e-304, 1.22176384419822e+161,  1.22176384420438e+161, 1.22176384420438e+161, 1.22176384420438e+161,  1.22176384420438e+161, 1.22176384420438e+161, 1.22176384420438e+161,  1.22176384420438e+161, 1.22176384420438e+161, 1.22176384420438e+161,  1.22176384420438e+161, 1.22176384420438e+161, -Inf, 1.22176384420438e+161,  1.22176384420438e+161, 1.22176384420438e+161, 1.22176384420438e+161,  1.22176384420438e+161, 1.22176384420438e+161, 1.22176384420438e+161,  1.22176384420438e+161, 1.22176384420438e+161, 1.22176384420438e+161,  1.22176384420438e+161, 1.22176384420438e+161, 1.22176384420438e+161,  0))
result <- do.call(gear:::eucdist2,testlist)
str(result)