testlist <- list(eps = 0, x1 = c(7.74860418548935e-304, 7.74860418548935e-304,  7.74860418548935e-304, 7.74860418548935e-304, 7.74860418548935e-304,  7.74860418548935e-304, 7.74860418548935e-304, 7.74860418548935e-304,  7.74860418548935e-304, 7.74860418548935e-304, 7.74860418548935e-304,  NaN, 7.74860418548935e-304, 7.74860418548935e-304, -4.94879250432931e-10,  -4.2372858822964e-119, -1.19043356885614e+85, -Inf, 1.82363221083299e-238,  4.35812421290471e+289, 1.11765367033464e-296, 1.4017875760294e+223,  1.62626643530022e-307, 1.46950620900256e+302, 4.11932782999429e-175,  -3.85515401974544e+79, -3.02137085628715e+143, -1.07335709985308e+237,  1.20695523931594e-309, -1.09523366975106e+61, 5.9271754369003e-184,  -2.53455991238707e+43, -2.88241841756692e+114, 3.39496965625457e+134,  -1.15574798364676e+282, 3.54057165645026e-96, 1.04427105573858e-129,  -4.4008289108783e-144, 1.67175459658206e+108, Inf, -1.63433669245736e+25,  Inf, 1.71756774683303e-136, 2.80056427902875e+202, -1.37457749364096e-119,  2.75490388325226e+81, -8.52200366556865e-284, -7.419196258483e-68,  1.08667501251873e+171, -2.17826726096279e-308, 1.0508251348713e+162,  1.3408833286825e-229, -4.27076908370558e-112, -5.10312508495338e-149,  2.03275478903305e-259, -3.12476699166841e+30, -5.73506243616e-147,  9.65491613598144e-306, 0), x2 = c(6.81325176381175e+62, 7.68501517370789e+295,  -1.52497717163544e-123, -7.35545234755716e-285, 2.79613540784815e-204,  1.20181459500138e+240, 3.91417579789516e+303, 1.81815932406473e+53,  3.46698611897632e-306, 4.37261466002098e+115, 8.2868408064177e-79,  1.04757395058427e-135, -4276236286908.59, 0.0690963851519292,  1.44038862406811e+42, 5.46530787473442e-305, 3.0236687567448e-130,  -6.64948839049648e-11, 1.14763907947369e+176, -2.94536253771162e+296,  -1.17006330315102e+108, 1.48489746710458e-156, 6.89130616360192e-308,  1.64198306496323e-167, 4.64519619034754e-266, -1.04677020008694e+75,  -2.28952977607054e-265, 1.37142240459756e-84, -6.8502893733651e-173,  1.8247826466327e-286, -2.13700694000088e+268, 2.96981696694325e+209,  1.08125138073352e-259, 5.49467629799283e+107, 8.44530365616596e+146,  1.16362563638603e+221, -4.71014864945516e-122, -1.51517305491694e+265,  -1.73906902172916e+157, -6.60539390823749e+49, -6.51980787389465e-92,  -4.76277314851699e+115, -8.25434191988256e-109, -2.61735204793228e+119,  3.53325888330268e-252, -2.27270416277149e-37, 8.82151305622901e-73,  2.26913546060445e-246, 4.3999148892391e-229, -5.1560381674121e+280,  -9.02763655836212e+294, -7.00844334285907e-271, 4.50680896484833e-172,  6.81325176381175e+62, -1.17115615615e+212, 2.66091786184218e-31,  7.60217145219392e+304, -1.36055916186626e+306, 4.18910812319745e+304,  -2.00238756362496e+53, 8.90186821590748e-60, 5.82740174027081e-304,  0, 0, 0, 0, 0, 0, 0, 0, 0, 0, 0, 0, 0, 0, 0, 0, 0, 0, 0, 0, 0,  0, 0, 0, 0, 0, 0, 0, 0), y1 = c(4.37491902319613e-267, -9.85656025493588e+198,  1.89143448061817e+41, -2.61194422921664e-89, 5.15711505335095e-257,  2.35171846872706e-91, 6.429530814007e+91, 2.81184485888464e+191,  -652334.765317506), y2 = numeric(0))
result <- do.call(gear:::eucdist2,testlist)
str(result)