testlist <- list(eps = 0, x1 = c(1.4174931883648e-311, -9.27191279380401e-227,  -3.30454338512553e-220, 0.00326457501838524, -4.11828281046168e-243,  -1.95893925610339e-77, -7.57690586869615e+160, 1.77288451463919e+81,  7.30351788343351e+245, -2.72265235667483e-40, -2.72265235668397e-40,  -2.72265235668397e-40, -4.94989234346763e+216, -4.9857170456667e+216,  -4.9857170456667e+216, -4.9857170456667e+216, -4.9857170456667e+216,  -4.9857170456667e+216, -4.9857170456667e+216, -4.9857170456667e+216,  -4.98571704522525e+216), x2 = c(-4.9857170456667e+216, -4.9857170456667e+216,  -4.9857170456667e+216, -4.9857170456667e+216, -4.9857170456667e+216,  -4.9857170456667e+216, -2.72265272074681e-40, -2.72265235668397e-40,  -2.72265235668397e-40, -2.72265235668397e-40, -2.72265235668397e-40,  -2.72265235668397e-40, -2.72265235668397e-40, 6071.71764705882,  1.47595280001973e-59, 5.82740174027081e-304, 0, 0, 0, 0, 0, 0,  0, 0, 0, 0, 0, 0, 0, 0, 0, 0, 0, 0, 0, 0, 0, 0, 0, 0, 0, 0, 0,  0, 0, 0, 0, 0, 0, 0, 0, 0, 0, 0, 0, 0, 0, 0, 0, 0, 0, 0, 0, 0,  0, 0, 0, 0, 0, 0, 0, 0, 0, 0, 0, 0, 0, 0, 0, 0, 0, 0, 0, 0, 0,  0), y1 = c(-4.9857170456667e+216, -4.98509391552836e+216, -4.9857170456667e+216,  -4.9857170456667e+216, -4.9857170456667e+216, -4.9857170456667e+216,  -4.9857170456667e+216, -4.9857170456667e+216, -4.9857170456667e+216,  -4.9857170456667e+216, -4.9857170456667e+216, -4.9857170456667e+216,  -4.9857170456667e+216, -4.9857170456667e+216, -4.9857170456667e+216,  -4.9857170456667e+216, -4.9857170456667e+216, -3.11467240263524e-166,  1.21665090072011e-119, -3.03520595329211e-142, -3.53922828452736e-74,  -7.26292917964095e+153, 1.56502361612151e-08, 1.48431441806053e-147,  -2.72265235668394e-40, -2.72265235668397e-40, -2.72265235668397e-40,  -4.98557710542373e+216, -4.9857170456667e+216, -4.9857170456667e+216,  -4.9857170456667e+216, -4.9857170456667e+216, -4.9857170456667e+216,  -4.9857170456667e+216, -4.9857170456667e+216, -4.98571704566497e+216,  -4.9857170456667e+216, -4.9857170456667e+216, -4.9857170456667e+216,  -4.98571461156459e+216, -4.9857170456667e+216, -4.9857170456667e+216,  -4.9857170456667e+216, -4.9857170456667e+216, -4.9857170456667e+216,  -4.9857170456667e+216, -4.9857170456667e+216, -4.9857170456667e+216,  -4.9857170456667e+216, -4.9857170456667e+216, -4.9857170456667e+216,  -4.9857170456667e+216, -4.9857170456667e+216, -4.9857170456667e+216,  -4.9857170456667e+216, -4.9857170456667e+216, -4.9857170456667e+216,  3.29530122648578e-304, -4.98571703615849e+216, -4.9857170456667e+216,  -4.9857170456667e+216, -4.9857170456667e+216, -4.9857170456667e+216,  -4.9857170456667e+216, -4.9857170456667e+216, -4.98571478545205e+216,  -4.9857170456667e+216, -4.9857170456667e+216, -4.9857170456667e+216,  -4.9857170456667e+216, -4.9857170456667e+216, -4.9857170456667e+216,  -4.9857170456667e+216, 1.28705252599926e-309, -4.98571704562956e+216,  -4.9857170456667e+216, -4.9857170456667e+216, -4.9857170456667e+216,  -4.9857170456667e+216, -4.9857170456667e+216, -4.9857170456667e+216,  -4.98571703683773e+216, -4.9857170456667e+216, -4.9857170456667e+216,  -4.9857170456667e+216, -4.9857170456667e+216), y2 = numeric(0))
result <- do.call(gear:::eucdist2,testlist)
str(result)