testlist <- list(eps = 0, x1 = c(1.44720112943832e-311, -9.27191279380401e-227,  -3.30454338512553e-220, NA, -4.11828281046168e-243, -1.95893925610339e-77,  NA, 1.77288451463919e+81, -Inf, 1.14935825540987e+262, 9.09252021533702e-172,  1.65646662424464e-91, 2.77067322468006e+114, 6.44719590123194e+27,  -1.82639555575468e-07, -4.2372858822964e-119, -1.19043356885614e+85,  3.31651557487312e-262, 1.82363221083299e-238, NaN, 0), x2 = c(5.46530787473442e-305,  3.0236687567448e-130, -6.64948839049648e-11, 1.22343202178405e+101,  3.66727143583739e-101, -10752.0756650554, -4.79047615399789e-131,  7.68947266797683e-207, -7.8390706724114e+170, 9.01857220228185e+279,  -415753253.925789, 6.02693161235448e-310, 1.35388182277727e-84,  -6.85011046085217e-173, 1.8247826466327e-286, -2.13700694000088e+268,  -2.8215922697054e-266, 2.96029987165744e-299, 1.60808855383923e-247,  -5.10312508495338e-149, -6.90496810102765e+135, -1.97272183211855e+299,  -4.80684531751045e-211, 1.27171785317634e+32, 7.27866839395753e-304,  -4.03745792148629e+247, 6.98516021012687e+303, 2.69280039132307e+226,  6.50126494899112e-258, -1.22093386688345e-144, 4.85774135505741e-33,  4.85787506860361e-33, 4.85787505972498e-33, 4.85787505972498e-33,  4.85787505972498e-33, 4.85787505972498e-33, 4.85787505972498e-33,  4.85787505972498e-33, 4.85787505972498e-33, 4.85787505972498e-33,  4.85787505972498e-33, 4.85787505972498e-33, 4.85787505972498e-33,  4.85787505972498e-33, 4.85787505972501e-33, 4.85787505972498e-33,  4.85787505972498e-33, 4.85787505972498e-33, 4.85787505972498e-33,  4.85787505972498e-33, 4.85787505972498e-33, 4.85787505972498e-33,  4.85787505972498e-33, 4.85787505972498e-33, 4.85787505972498e-33,  4.85787505972498e-33, 4.85787505972498e-33, 4.85787505972498e-33,  4.85787505972498e-33, -8.76565315805135e-244, 1.63920632895006e+68,  3.12377786073991e-115, 9.8820258034891e-217, -8.30503887577604e-104,  -3.62627129016487e+265, -7.14754307476965e-22, 3.19464529842674e-38,  1.43952099421496e-232, -3.594748798156e-35, -3.0515167874106e-295,  4.99937052414045e-120, 2.97176854710737e-99), y1 = c(4.85787505972498e-33,  4.85787505972498e-33, 4.85787505972498e-33, 4.85787505972498e-33,  4.85787505972498e-33, 1.44720298228379e-311, -9.27191279380401e-227,  -3.30454338512553e-220, 0.00326457501838524, -4.11828281046168e-243,  -1.95893925610339e-77, -7.57690586869615e+160, 1.77288451463919e+81,  -2.94444056288636e+47, 1.14935825540987e+262, 9.09252021533702e-172,  1.65646662424464e-91, 2.77067322468006e+114, 6.44719590123194e+27,  -1.82639555575468e-07, -4.2372858822964e-119, -1.19043356885614e+85,  3.65462100871889e+120, 9.55684040695133e+209, -3.22024228937911e+177,  1.36755550755227e-215, 9.43514262432946e-281, 4.83395786274431e+176,  -Inf, 4.85787505972498e-33, 4.85787505972498e-33, 4.85787505972498e-33,  NaN, 4.85787505972498e-33, 4.85787505972498e-33, 4.85787505972498e-33,  4.85787505972498e-33, 4.85787505972498e-33, 4.85787505972498e-33,  4.85787505972498e-33, 4.85787505972498e-33, NA, 3.32389299857151e-81,  4.85787505972498e-33, 4.85787505972498e-33, 4.85787505972498e-33,  4.85781628500744e-33, 4.85787548446415e-33, 4.85787505972498e-33,  4.85787505972498e-33, 4.85787505972498e-33, 4.85787505972498e-33,  4.85787505972498e-33, 4.85787505972498e-33, 4.85787505972498e-33,  -1.01766835177128e-176, 4.85787505972498e-33, 4.85787505972498e-33,  4.85787505972498e-33, 4.85787505972498e-33, 4.85787505972498e-33,  4.85787505972498e-33, -6.22662259153042e+153, 1.27320536813223e-212,  -2.21860575208482e+130, 1.07953203534008e+180, 1.60285331365689e-24,  0), y2 = c(-2.30374790479512e+88, -1.17006330315102e+108, 1.48489746710458e-156,  6.89130616360192e-308, 1.64198306471646e-167, -2.71145710870518e+174,  -1.04192199499622e+242, -2.28952977607054e-265, 33677338.7727147,  1.16288303558189e-22, 2.28266818977592e-308, 8.06105310528251e-113,  4.12768738874221e-88, 1.40108350992669e+172, 1.46298465606237e+243,  1.41381250899261e-308, 22858.2133093206, 7.24378007783228e+59,  -2.8216029435452e-266, 2.96029987165744e-299, 1.60808855383923e-247,  4.13985767078531e-66, -3.29631933735925e+234, 1.50058672064449e+196,  -2.61735060146368e+119, 3.53325888330268e-252, 3.36730722593536e-13,  -3.59101852248236e-23, 7.04782243154175e-127, 439.584645461403,  -4.48274132320775e-302, -1.37358087659649e-257, -3.52298595615639e-35,  5.31493800845617e-162, -2.30374790479512e+88, -1.26522665596753e-79,  -Inf, -4276236286908.59, 0.0690963851519292, 1.44038862406811e+42,  1.64142542941541e+145, 1.0507886262257e-116, NaN, -3.09667362230015e+48,  0))
result <- do.call(gear:::eucdist2,testlist)
str(result)