testlist <- list(eps = 7.74860418548935e-304, x1 = c(7.74860418548935e-304,  7.74860418548935e-304, 7.74860418548935e-304, 7.74863199891258e-304,  7.74860418548935e-304, 7.74860418548935e-304, 7.74860418548935e-304,  8.1971790753644e-304, 7.74860418548935e-304, 7.74860418548935e-304,  Inf, 7.74860418548935e-304, -2.53017067697019e-98, -2.53017067698439e-98,  Inf, -2.53017067698439e-98, -7.76302771029499e-190, -2.53017067698439e-98,  -2.53017067698439e-98, -2.53017067698439e-98, -2.53017067698439e-98,  -2.53017067698439e-98, -2.53017067698439e-98, -2.53017067698439e-98,  -2.53017067698439e-98, -2.53017067697283e-98, -2.53017067698439e-98,  -2.5373143481799e-98, -2.53017067698439e-98, -2.53017067698439e-98,  -2.53017067698439e-98, -2.53017067698439e-98, -2.53017067698439e-98,  7.74860420359704e-304, 7.74860418548935e-304, 7.74860418548935e-304,  7.74860418548935e-304, 7.74860418548935e-304, 7.74860418548935e-304,  7.74860418548935e-304, 7.74860418548935e-304, 7.74860418548935e-304,  7.74860418548935e-304, 7.7486041854894e-304, 7.74860418548935e-304,  7.74860418548935e-304, 7.74860418548935e-304, 7.74860418559462e-304,  7.74860418553038e-304, 7.74860418548935e-304, 7.74860418548935e-304,  7.74859720491853e-304, 7.74860418548935e-304, 7.74860418548935e-304,  7.74860418548935e-304, 7.75032163721234e-304, -2.53017067698433e-98,  -2.53017067698439e-98, 0), x2 = c(7.74860418548935e-304, 7.74860418548935e-304,  7.74860418548935e-304, 7.74860418548935e-304, Inf, 7.74860418548935e-304,  7.74860418548935e-304, 7.74860418548935e-304, 7.7486059238283e-304,  7.74860418548935e-304, 7.74860418548935e-304, -3.98928835412956e+255,  7.74860418548935e-304, 7.74860418548935e-304, 7.7486041855826e-304,  7.74861021535259e-304, 7.74860418548935e-304, 7.74860418548935e-304,  7.74860418548935e-304, 7.74860418548935e-304, 7.74860418548972e-304,  1.3961247739653e-309, 7.74860418548976e-304, 7.74860418548935e-304,  7.74860419907012e-304, 7.74860418548935e-304, 7.74860418548935e-304,  7.74860418559462e-304, 7.74860418548935e-304, 7.74860418548935e-304,  7.74860418548935e-304, 7.74860418548935e-304, 7.74860418548935e-304,  7.74860418548935e-304, 7.74860418548935e-304, 7.74860418548935e-304,  7.74860418548935e-304, 7.74860418548935e-304, 7.76996489453102e-304,  7.74904920110985e-304, 7.74860418548935e-304, 7.74860418548935e-304,  7.74860418548935e-304, 7.74860418548935e-304, 7.74860418548935e-304,  -2.53017067335093e-98, 0), y1 = c(NA, -2.53017067698439e-98,  -2.53017067698439e-98, 8.0524009363042e-304, 7.74860418548935e-304,  7.74860418548935e-304, 7.74860418548935e-304, NA, 7.74860418548935e-304,  7.74860418548935e-304, 0), y2 = c(7.74860418548935e-304, 2.00049019607843,  2.18103818265071e-289, NaN, 7.74860418559503e-304, 7.74860418548935e-304,  7.74860418548935e-304, 7.74860418548935e-304, 7.74860418548935e-304,  NA))
result <- do.call(gear:::eucdist2,testlist)
str(result)