testlist <- list(eps = -2.53017067698439e-98, x1 = c(-1.00976809047168e-294,  -1.65923311961602e+139, -1.25285905000931e-52, 3.40062824303885e-307,  -1.47017392936622e-08, 6.45187551497302e-161, 3.56851881960778e-128,  -5.11411954320769e-238, -2.37648738226048e-197, 1.47960596083784e+237,  4.4790802764474e-172, 8.09880219921894e+62, -1.17115615615e+212,  8.89926856466142e-229, 7.53416878527662e-218, 4.85117622763326e+20,  -7.37289604618617e-188, NaN, 8.15556746808899e+221, -5.4236391058933e+132 ), x2 = c(-2.53017067698439e-98, -5.95446004943744e-101, -2.53017067698439e-98,  -2.53017067698439e-98, -2.53017067698439e-98, -2.53017067698439e-98,  -2.53017067698439e-98, -2.53017067698439e-98, -2.53017067698439e-98,  -1.360559218149e+306, -2.53017067698439e-98, -2.53017067698439e-98,  -2.53017067698439e-98, Inf, -2.53017067698439e-98, -2.53017067698439e-98,  -2.53017067698439e-98, 0), y1 = c(4.5457995716784e+254, -3.44161647696486e-35,  5.70108933595132e-130, 8.59579970437492e-305, 5975762145752383488,  1.11850700034451e+276, -4.75815615396415e+152, 2.77105441347914e-109,  3.92031339396152e-101, 3.91768025686314e+225, 6.50138800858794e-258,  7.88378939780192e-27, -8.68186190097993e-78, 1.28503062928163e+42,  -3.52298626953631e-35, 9.56821224150396e+229, -652334.765317506,  -3.18764354405873e-219, -7.41944926541053e-68, 8.56968128593256e-299,  7.43777834321397e-304, 2.47940155522207e+87, -2.38778460595625e-87,  -1.84865197737565e-25, -2.53016994383805e-98, -2.53017067698439e-98,  -2.53017067698439e-98, -2.53017067698439e-98, -2.53017067698439e-98,  -2.53017067698439e-98, -2.53017067698439e-98, -2.53017067698439e-98,  -2.53017067698439e-98, -2.53017067698439e-98, -2.53017067698439e-98,  -2.53017067698439e-98, 1753309101689645824, -3.03418291780855e-135,  -4.72430624817209e-178, -6.80818427024641e+107, 5.02258901761148e+149,  5.56269693614768e-309, -8.13473410817541e+249, -6.81319935246419e-68,  2.78401498845611e-309, 1.34250809142449e+91, -7.22221322848707e+193,  -6.79955658298828e-35, 5.80187913516321e+150, -8.97456006844582e-78,  3.68020376078989e+236, -5.39133719781152e-271, -1.38856962460125e-257,  1.15201772800358e-308, -1.48919006462509e+78, -3.34516333543214e-219,  -3.27587553677977e-219, -1.37225935197701e-219, -8.86530552544983e-152,  4.83444858407485e-21, -5.41033589162103e+305), y2 = c(-2.53017067698439e-98,  -2.53017067698439e-98, -2.53017067698439e-98, -2.53017067698439e-98,  -2.53017067698439e-98, -2.53017067698439e-98, -2.53017067698439e-98,  Inf, -2.53017067698439e-98, 0))
result <- do.call(gear:::eucdist2,testlist)
str(result)