testlist <- list(eps = 0, x1 = c(1.39067116124321e-309, -9.27191279380209e-227,  -3.30454338512553e-220, 0.00326457501838524, -4.11828281046168e-243 ), x2 = c(-8577.50588235294, -8577.50588235294, 3.53325888427751e-252,  2.80056427903075e+202, -1.37457749364096e-119, 2.75490388325226e+81,  -8.52200366556865e-284, -7.41841803606216e-68, 1.08667544084302e+171,  -2.17826725665637e-308, 1.0508251348713e+162, -5.71035739591321e+305,  2.96981744966221e+209, 1.08125138073352e-259, 5.49467629799283e+107,  -3.83415555912196e-269, -7.66393995882265e+106, -1.57344470429255e-283,  7.19900229885465e-63, -8.23459812761199e-125, -9.46282490277622e+77,  -5.85994886813196e-180, 2.46070179202528e+50, -2.82126998683104e+116,  -8577.50587431008, -8577.50588235294, -8577.50588235294, 439.565362839029,  -1.20980676771859e-301, -1.37358087659649e-257, -3.52298627004724e-35,  5.31493800690359e-162, -2.83890369439335e+306, -1.26508059653438e-79,  1.04757395057911e-135, -4276236286908.58, -5.57414455243005e-305,  -3.09667311553121e+48, -1.59537597923192e-89, 3.97314911878724e-307,  2.06873229748217e-314, 0, 0, 0, 0, 0, 0, 0, 0, 0, 0, 0, 0, 0,  0, 0, 0, 0, 0, 0, 0, 0, 0, 0, 0, 0, 0, 0, 0, 0, 0, 0, 0, 0, 0,  0, 0, 0, 0, 0, 0, 0, 0, 0, 0, 0, 0, 0, 0, 0, 0, 0, 0, 0, 0, 0,  0, 0, 0, 0), y1 = c(9.09252021533702e-172, 1.65646604614098e-91,  2.77067322468006e+114, 6.44719590123194e+27, -1.82639555575468e-07,  -4.23728588202125e-119, -1.19043356885614e+85, 3.31620544484083e-262,  1.82363221083299e-238, 4.35812421290471e+289, -467.802940475348,  -8577.50588235294, -8577.50588235294, -8577.50588235294, 44613761388324880,  1.0029940311632e-13, -1.7005258953311e-99, -5.39133519479464e-271,  5.26069093252886e-222, -1.31698831562323e+144, -7.01479897421834e+64,  -2.44363755756191e-87, -3.29083581699257e+233, 7682280748819901,  5.35549805806797e-126, 4.30741941051849e-81, -3.30518961309902e-28,  5.46530787473442e-305, 3.02372378958587e-130, -6.64948839049648e-11,  1.15459524701512e+176, -2.94536253771162e+296, -1.17006330315102e+108,  5.07711873930288e-116, 1.29320915904037e-209, -3.11467240263524e-166,  1.21665090072011e-119, 2.20610522306527e-07, 1.48431441806053e-147,  -8.84107305788825e+175, 3.95260833226462e-308, 1.47960596009818e+237,  3.36730722593536e-13, -3.59101852248236e-23, 7.04782243154175e-127,  -3.04187171587196e+239, 1.01978521881258e-68, -1.84592813764829e+164,  -1.98438025193533e+34, 2.8928358857994e-229, -8442.47536755942,  -8577.50588235294, -8577.50588235294, 2.04929898943932e-295,  1.40178757602927e+223, 1.62626645187831e-307, 1.46950620900256e+302,  -8.30912394065342e-104, 9.85977222777813e-193, 7.7589957984854e-112,  1.17197315732098e-203, 2.13257877418747e-305, -2.38884237765089e-10,  -2.37294829344544e-177, -2.71145710870518e+174, -1.04192199524299e+242,  -5.09509417002901e+85, 1.06032889860505e-309, 3.58016137239879e+39,  1.06867712210833e+105, -2.15998782280469e-80, 1.66173276169463e-130,  5.19864644353152e+283, -8.03281043726846e+236, 9.62166288059911e+139,  -2.0984105015245e+251, 3.10545173522669, 8.97429481747134e-305,  1.06553363935444e-255, -1.37615538846787e+107, -3.27111939982526e-214,  -1.31461970508925e-202, 1.27617835952748e-77, 2.69923085153641e+263,  5.088896204512e+231, 2.95921178275683e+237, 3.36730722593536e-13,  -3.59101852248236e-23, 7.04782243154175e-127, -3.04179818861601e+239,  1.01978521881258e-68, -1.84592813793321e+164, -1.98438025193533e+34 ), y2 = numeric(0))
result <- do.call(gear:::eucdist2,testlist)
str(result)