testlist <- list(eps = 0, x1 = -Inf, x2 = c(-2.80306883862536e-134, -3.36871260902753e+278,  3.83649683198456e+273, -2.81904126392668e-103, 1.2979591847538e+265,  -2.18015910745342e-106, 0.00082397460938876, 4.90488311360246e-299,  4.0997533578141e+214, 3.68941243156978e+142, 3.7903514203199e-11,  1.64266584011127e+146, -4.4162613488184e+164, 5.43901365064614e-312,  -2.25760335804431e+150, 6.25156337200283e+129, -4.52712374007123e-282,  2.11302783823952e-89, 5.15232887608464e-188, -2.95707868908667e+143,  1.40573692301524e-275, -6.5142212066266e-18, -2.80306883862536e-134,  -3.39497687730185e+278, 2.18614704291969e-310, 1.78379343399688e+127,  1.78388675173214e+127, 1.78388675173214e+127, 1.78388675173214e+127,  1.78388675173214e+127, 1.78388675173214e+127, 1.78388675173214e+127,  1.78388675173214e+127), y1 = c(9.16863917796973e+49, 6.45196680903498e-161,  1.39238749456653e-309, 2.64238961652138e-125, -7.14852486807806e+43,  -2.14587662555648e-284, -4.6313541705684e-282, 1.1008181950396e-295,  1.18333266372383e-66, -3.29631933735925e+234, 1.40903201062601e-231,  4.28137251577226e-296, -3.75994273117268e-220, -3.4770724930617e-308,  4.17201348472124e-309, -1.01253422840244e+295, 2.7069542802378e-312,  -1.33730060038758e+100, 8.9048374426465e-307, -6.75453378873903e-225,  7.36275329018738e+174, -3.8177816832195e+170, -5.10559025659934e-131,  -3.62604786215772e-217, 1.40573692220074e-275, 4.50083166547207e+300,  -4.63094702044927e-282, 1.0099738472194e-47, 3.76512199902653e+111,  1.28046310419878e-287, -1.78657259737948e+249, 8.69487856304876e-311,  8.90483141254246e-307, -9.27191279380401e-227, 1.40903201062601e-231,  4.28137251463303e-296, 1.01235414724802e-312, 0, 0, 1.5926330571503e+159,  -1.91562033642683e+53, -4.3408893446777e+153, -8.77181160669518e-92,  3.31326333020021e+196, -2.81904126392668e-103, 1.2979591847538e+265,  -2.18015910745342e-106, 0.00082397460938876, 4.90488311478453e-299,  4.0997533578141e+214, 3.68941243156978e+142, 3.7903514203199e-11,  1.35878133584318e+122, -4.4162613488184e+164, 5.43901365064614e-312,  -2.25760335804431e+150, 6.25156337200281e+129, -4.52712374007123e-282,  2.0618252479827e-89, 5.15232887608464e-188, -2.95707868908667e+143 ), y2 = c(1.78388675173214e+127, 1.78388675173325e+127, 1.78388675173214e+127,  -7.50108959112047e+106, NaN, -6.08857923028202e+168, 5.43901365064614e-312,  NaN, -9.51092118221472e-172, -4.52712374007123e-282, 2.11363575913041e+86,  5.2959896509674e-312, 0, 0, 0, 0, 0, 0, 0, 0, 0, 0, 0, 0, 0,  0, 0, 0, 0, 0, 0, 0, 0, 0, 0, 0, 0, 0, 0, 0, 0, 0, 0, 0, 0, 0,  0, 0, 0, 0, 0, 0, 0, 0, 0, 0, 0, 0, 0, 0, 0, 0, 0, 0, 0, 0, 0,  0, 0, 0, 0, 0, 0, 0, 0, 0, 0, 0, 0, 0, 0, 0, 0, 0, 0, 0, 0, 0,  0))
result <- do.call(gear:::eucdist2,testlist)
str(result)