testlist <- list(eps = 0, x1 = c(1.4174931883648e-311, -9.27191279380401e-227,  -3.30454338512553e-220, 0.00326457501838524, -4.11828281046168e-243 ), x2 = c(4.09981500716645e+214, 3.68941345982899e+142, -9.48403647518613e+302,  4.52707952240169e+243, -1.98682959112774e-52, -7.01907711092261e+176,  -5.71731300153722e+278, 9.51263012636616e-306, -8.13199901430243e-125,  -9.46282490277622e+77, -5.85994886813207e-180), y1 = c(1.77288451463919e+81,  7.30351788343351e+245, 8.56246884604781e+170, -4.54633509056447e+87,  -1.46228129790746e-23, 3.63973809400242e+119, -9.33642653187427e-33,  5.28036305254706e+241, 5.55737183113213e-57, 4.0553553483515e-151,  7.79580491733706e-42, 1.26789466698335e-271, 2.26358758507563e-97,  7.21806414701515e-153, -1.98458237020937e-37, -1.53027057379118e-279,  Inf, 4.27749325077951e+81, 6.28977527817362e-252, -5.66998131753152e-135,  -3.30785572908108e+263, -1.00690656345843e-273, -5.35234554593566e+45,  1.40019758684806e+91, -1.77066895897366e+55, -1.43447304931125e-161,  -5.06600426499913e+235, 6.29257693849683e-29, 7.61320537655064e+216,  -2.44363755756201e-87, -3.29083581699257e+233, 1.67273463068384e-222,  1.84237121351223e+295, 44613761389373456, 1.00299132065777e-13,  -1.7005258953311e-99, -Inf, 4.5457995716784e+254, -3.44161647696486e-35,  5.70100839813365e-130, -1.73609053262763e-96, -2.33200568467188e+34,  -2.6113781422709e+264, -5.22684006384354e+300, -6.52900827607242e-292,  -9.1227365383931e+239, -3.10535114094334e-36, -5.36931007360562e+194,  -7.15281845133845e-236, -2.36182213859767e-69, -6.88730337031866e-75,  -4636800105173320, 1.65447250389292e-256, -2.30374790479512e+88,  9.3144442080902e+294, 1.87140051912765e+293, 7.81174850164908e+153,  -1.81388628605987e-210, 2.97417034753781e-112, 3.07889205700993e+72,  -5.68358142431207e+115, -1.49905137531851e-296, -4.83607699504741e+296,  -4.36211883600535e-283, 6.14411608709023e-73, -3.58131929483799e+99,  8.34759801685648e+159, NA, -Inf, -5.10312508495338e-149, 2.03275478903305e-259,  -3.12476699166841e+30, -5.73506243616e-147, 9.65491613598144e-306,  22858.2133024065, -1.4918846798176e-296, -4.83607699504741e+296,  -4.39048939437592e-283, 6.14411608709023e-73, -7.9700945594356e-175,  8.73997007620516e+152, Inf, 0), y2 = c(-2.73905226456024e+305,  2.55005140002753e+79, 4.14872026638745e+293, 1.32515007107778e+304,  1.24295379909437e+193, -1.01766835177128e-176, -8.76565315805156e-244,  -5.39082939971558e-271, 9.65491613598159e-306, 22858.2133024065,  -1.4990521444077e-296, -4.83607699504741e+296, -4.39048939437592e-283,  6.14411608709023e-73, -7.9700945594356e-175, -7.72257164341239e-132,  4.16882816770762e+216, 1.77638799941844e-103, 4.85117622725024e+20,  -7.37382230368288e-188, NaN, 3.76512197955142e+111, 1.28048064067193e-287,  8.60450746538636e+170, -4.54633509056447e+87, -1.46228129790746e-23,  3.63973809400242e+119, -9.33642653187427e-33, 5.28036305254706e+241,  5.55737183113213e-57, 4.0553553483515e-151, 7.79580491733706e-42,  -3.69450422976514e+215, 2.26358758507563e-97, 7.21806414701515e-153,  -1.98458237020937e-37, 5.62809780969308e+178, 1.03838521616377e-170,  3.65462100871899e+120, 9.55684040695133e+209, 4.71881859849463e+89,  -4.30777415431054e-176, -7.66433052432287e-108, 7.7364787729831e+88,  1.60444741681495e+147, 1.16288303558189e-22, -2.26350293711375e+217,  4.18553807150408e-79, 2.69923085153641e+263, 7.03388980354354e+59,  -6.07065438172118e-267, 2.98596462116628e-299, 1.60808855383923e-247,  4.13985767078531e-66, -3.29631933735925e+234, 4.37491902319613e-267,  -9.85656025506152e+198, 1.89143448061817e+41, -2.61194422921396e-89,  5.15711505335095e-257, 2.72310394791888e-14, 6.429530814007e+91,  2.81184485888464e+191, -652334.765317506, -3.90898963434592e+66,  -1.43517088713307e-42, -3.04639649885609e-177, -3.30068888403392e+305,  -6.0864656385088e-202, -4.23622439095544e-174, 1.86373377452527e+105,  1.28494861520081e+42, -1.54804065458757e+82, 8.08103849277118e-317 ))
result <- do.call(gear:::eucdist2,testlist)
str(result)