testlist <- list(eps = 0, x1 = c(-3.68329011240289e+279, -3.68380079148118e+279,  -3.68380079148118e+279, -3.68380079148118e+279, -1.2107625604909e+275,  -1.68194369244201e+278, -3.68380079148118e+279, -3.68380079148118e+279,  -3.68380079148118e+279, -3.68380079148118e+279, -3.68380079148118e+279,  -3.68380079148118e+279, -3.68380079148118e+279, -3.68380079148118e+279,  -3.68380079148118e+279, -3.68380079148118e+279, -3.68380079147925e+279,  -3.68380079148118e+279, -3.68380078372185e+279, -3.68380079148118e+279,  -3.68380079148118e+279, -3.68380079154722e+279, -2.41421568670511e+284,  -3.68378131643146e+279, -3.68380079148118e+279, -3.68380079148118e+279,  -3.68380079148118e+279, -3.68380078325973e+279, -3.68380079148118e+279,  -3.68380079148118e+279, -3.68380079148118e+279, -3.68380079148118e+279,  -3.68380079148118e+279, -3.68380079148118e+279, -3.68379886429575e+279,  -3.68379868695466e+279, -3.68380079148118e+279, -3.68380079148118e+279,  -3.68380079148118e+279, -3.68380079148118e+279, -3.68380079148118e+279,  -3.68380079148118e+279, 0), x2 = c(-3.68380079148118e+279, -3.68380079148117e+279,  -3.68380079148117e+279, -3.68380079148118e+279, -4.53801546756778e+279,  -3.68380511926998e+279, -3.68380079148118e+279, -3.68380079148118e+279,  -3.68380079148117e+279, -3.68380079148118e+279, -3.68380079148118e+279,  -3.68380079148118e+279, -3.68380079148118e+279, -3.68380079148118e+279,  -3.68380079148118e+279, -1.43898468417234e+277, -3.68380079148118e+279,  -3.68380079148118e+279, -3.68380079148118e+279, -3.68380079148189e+279,  -3.68380079148118e+279, -3.68380079148118e+279, -3.68380079148118e+279,  4.47593815953627e-91, 4.47593815953616e-91, 4.47593815953616e-91,  4.47593815953616e-91, -3.68380079148108e+279, -1.35794948721513e-309,  -3.68380079144894e+279, -3.68380079148118e+279, -3.68380079148118e+279,  -3.68380079148118e+279, -3.68380079148118e+279, -3.68380079148107e+279,  -3.68380079148118e+279, 2.43480188608934e-241, -3.68380079148028e+279,  -3.68380079148118e+279, -3.68380025050758e+279, -3.68269287754862e+279,  -3.68380079148118e+279, -3.68380079148118e+279, -3.68380079148118e+279,  -3.68380079148118e+279, 1.00161704649622e-178, -3.68380079148118e+279,  -3.68380079148118e+279, -3.68380079148118e+279, -3.68380079148118e+279,  -3.68380079148118e+279, -3.68380079148118e+279, -3.68380079148118e+279,  3.26407578125003e-299, -3.68380079148118e+279, -3.68380079148118e+279,  -2.24841356901928e+275, -1.34059622446281e+275, -3.68380079148118e+279,  -1.7713588639404e+277, -3.68380079148118e+279, -3.68380079148118e+279,  5.24849660773073e+173, -3.68380079148118e+279, 106399.624877907,  -3.68380079148105e+279, -3.68380079148118e+279, -6.92446540553088e+274,  -3.68380079148118e+279, -3.68380079148118e+279, -3.6838007909859e+279,  -3.68380079148118e+279, -3.68380079148118e+279, -3.68380078748673e+279,  -3.68380079148118e+279, -3.68380079148118e+279, -3.68380079148116e+279,  -3.61289429979721e+279, 2.54931481094308e-294, -3.68380079148118e+279,  -3.68380079148118e+279), y1 = c(-3.68380079148118e+279, -3.68380079148118e+279,  -3.68380079148118e+279, -3.68380079148118e+279, -3.68380079148118e+279,  -3.68380079148118e+279, -2.97473587464264e+279, -3.68380079148118e+279,  NaN, -3.68380079148196e+279, -3.68380079148118e+279, -1.43898468417234e+277,  -3.68380079148118e+279, -3.68380079148118e+279, 4.49141672628761e-222,  -3.68380079148118e+279, NA, -3.68380079148118e+279, -3.68380079148118e+279,  -3.68380079148118e+279, -3.68380079148118e+279, -3.68380079148118e+279,  -3.68380079148118e+279, -3.68380079148118e+279, -3.68380079148118e+279,  -3.68380079148118e+279, -3.68380079148118e+279, -3.68380079148118e+279,  -3.68380079148118e+279, -3.68269287754862e+279, -3.68380079148118e+279,  -3.68379980251382e+279, -3.68380079148118e+279, -3.68380079148118e+279,  -3.68380079148118e+279, -3.68380079148118e+279, -3.68380079148118e+279,  -3.68712453327886e+279, -3.68380079148118e+279, -3.68380079148118e+279,  -3.68380079147808e+279, -3.68380079148118e+279, -3.68380079148118e+279,  -3.68380079148118e+279, -3.68381275206937e+279, -3.68380079148118e+279,  -3.68380079148118e+279, -3.68380079148118e+279, -3.68380079148118e+279,  -3.68380079148118e+279, -3.68380079148118e+279, -3.68380079148118e+279,  -3.68380079148118e+279, -3.68380084219746e+279, -3.68380079148118e+279,  -9.34927214903659e+163, -3.68380079148118e+279, -3.68380079148118e+279,  -3.68380079148118e+279, -3.68380079148118e+279, -3.68380079166368e+279,  -3.68380079148118e+279, -3.68380079148118e+279, -3.68380079148118e+279,  -3.68380079148118e+279, -3.68380079148118e+279, 0), y2 = c(0,  0, 0, 0, 0, 0, 0, 0, 0, 0, 0, 0, 0, 0, 0, 0, 0, 0, 0, 0, 0, 0,  0, 0, 0, 0, 0, 0, 0, 0, 0, 0, 0, 0, 0, 0, 0, 0, 0, 0, 0, 0, 0,  0, 0, 0, 0, 0, 0, 0, 0, 0, 0, 0, 0, 0, 0, 0, 0, 0, 0, 0, 0, 0,  0, 0, 0, 0, 0, 0, 0, 0, 0, 0, 0, 0, 0, 0, 0, 0, 0))
result <- do.call(gear:::eucdist2,testlist)
str(result)