testlist <- list(eps = -2.53017067698439e-98, x1 = c(-1.00976809047168e-294,  -1.65923311961602e+139, -1.25285905000931e-52, 3.40062824303885e-307,  -1.47017392936622e-08, 6.45187551497302e-161, 3.56851881960778e-128,  -5.11411954320769e-238, -2.37648738226048e-197, 1.47960596083784e+237,  4.4790802764474e-172, 8.09880219921894e+62, -1.17115615615e+212,  8.89926856466142e-229, 7.53416878527662e-218, 4.85117622763326e+20,  -7.37289604618617e-188, NaN, 8.15556746808899e+221, -5.4236391058933e+132 ), x2 = c(-2.53017067698439e-98, -2.53017067698439e-98, 1.29119766512916e-300,  7.74860418548935e-304, 7.74860418548935e-304, 7.74860418548935e-304,  7.74860418548935e-304, 7.74860418548935e-304, 7.74860418548935e-304,  NA), y1 = c(4.5457995716784e+254, -3.44161647696486e-35, 5.70108933595132e-130,  8.59579970437492e-305, 5975762145752383488, 1.11850700034451e+276,  -4.75815615396415e+152, 1.35065250226119e-106, 3.92031339396152e-101,  3.91768025686314e+225, -2.53017066621876e-98, -2.53017067698434e-98,  -2.53017067698439e-98, -2.53019858194999e-98, -2.53017067698439e-98,  -2.53017067698439e-98, -2.53017067698439e-98, -2.53017067698439e-98,  -2.53017067698439e-98, -2.53017067698439e-98, -2.53017067698439e-98,  -2.53017067698439e-98, -2.53017067698439e-98, -2.53017067698439e-98,  -2.53017067698439e-98, -2.53017067698439e-98, -2.53017067698439e-98,  -2.53017067698439e-98, -2.53017067698439e-98, -2.53017067698439e-98,  -2.53017067698439e-98, -2.53019858194999e-98, -2.53017067698439e-98,  -2.53017067698439e-98, -2.53017067697848e-98, -2.53017067698439e-98,  -2.53017067698439e-98, -2.53017067698438e-98, -2.53017067698439e-98,  -2.53017067698439e-98, -2.53017067698439e-98, -2.53017067698439e-98,  -2.53017067698439e-98, -2.53017067698439e-98, -2.53017067698439e-98,  -2.53017067698439e-98, -2.53017067698439e-98, 7.74979089154722e-304,  7.74860418548935e-304, 7.74860418548935e-304, 7.74860418548935e-304,  7.74860418548935e-304, -1.40434640517372e+306, -2.53016985912123e-98,  -2.53017067698439e-98, -2.53017067698439e-98, -2.52997673747341e-98,  -2.53017067698439e-98, -2.53017067698439e-98, -2.53028763803164e-98,  -2.53017067698439e-98), y2 = c(7.74860418262465e-304, -1.41727993043956e+241,  7.74860418548935e-304, 7.74860418548935e-304, Inf, 7.74860418548935e-304,  7.74860418548935e-304, 7.74860418867234e-304, 7.74860418548935e-304,  7.74860418548935e-304, 7.74860418548935e-304, 7.74860418548935e-304,  7.74860418548935e-304, 7.74860421254397e-304, 7.74860418548935e-304,  7.74860418548935e-304, 7.74860418548935e-304, 1.64254511227108e-299,  7.74860418548935e-304, 7.74860418548935e-304, 7.74860418548935e-304,  1.86630028296318e-301, 7.74861070426042e-304, 7.74860418548935e-304,  7.74860418548935e-304, 7.74860418548935e-304, 7.74860418548935e-304,  7.74860418548935e-304, 7.7486041599193e-304, 7.74860418548935e-304,  -2.30398682867536e+88, 9.31444420548792e+294, 6.01737913870413e-310,  -5.9544600494368e-101, -2.53017067698439e-98, 7.74860418556008e-304,  -2.53017067698433e-98, -2.53017067741018e-98, -2.53017067698439e-98,  -2.53017067698439e-98, -2.53017067698439e-98, -2.53017067698439e-98,  -2.53017067698439e-98, -2.53017067698439e-98, -2.53017067698439e-98,  -2.53017067698439e-98, 0))
result <- do.call(gear:::eucdist2,testlist)
str(result)