testlist <- list(eps = -1.12181685914956e-204, x1 = c(1.44720112943832e-311,  -9.27191279380401e-227, Inf, 0.00326457501838524, Inf, -3.00162344750738e+63,  4.9847131678241e-262, 9.22197626007738e+159, -8.05928946403299e+257,  -3.34092611734015e+144, -0.00177005750770453, NA, -3.594748798156e-35,  1.3771442032293e-306, -2.23056631102243e-284, 6.1040442510756e-73,  -7.9700945594356e-175, -7.74871223767381e-132, -2.9988113065525e+63,  -Inf, 0), x2 = c(5.49436275560143e+107, 3.32761906990684e+262,  -1.7151422650517e-256, -1.70253171377352e-121, -9.34770084892915e+86,  -1.73906902174586e+157, -6.60539390823749e+49, -6.51980787389465e-92,  -4.76277314851699e+115), y1 = c(1.90571888502393e+139, -3.001710958733e+63,  -8.58221484813696e+249, -6.813199350629e-68, 5.23821059483045e+134,  -1.07002243102713e-151, -7.66433052776074e-108, -5.75732702100216e-32,  -9.26916759452804e-30, 2.77067322468e+114, 6.44719590123194e+27,  -1.82639555575468e-07, 6.03237016332506e+286, 2.37512791734671e+148,  -1.6712265959434e-181, -1.08207462172845e+36, 3.7285581203771e+246,  -9.01661916441317e-231, 1.0393461158814e+145, 2.01941513843294e-56,  -3219304191841618, 6.74292514273468e-308, -2.29284102534862e-160,  4.29461811059626e+214, 5.27978528668767e+241, 5.55737183113213e-57,  4.0553553483515e-151, 7.79580491733706e-42, 1.26789466698335e-271,  2.26358758507563e-97, 7.21806414701515e-153, -1.983204837767e-37,  5.62809780969308e+178, 1.03838521616377e-170, 3.65462100871899e+120,  9.55684040695133e+209, -3.22024228937911e+177, 1.36755550755227e-215,  9.43514262432946e-281, 4.83395786274431e+176, 5.57168368224912e+269,  1.58493226275424e-191, 4.84937237405338e-113, 1.17197315732098e-203,  -4.6184070430508e-271, 5.26069093252886e-222, -1.11085304886838e-255,  6.91068252217675e-127, -1.09523305875223e+61, -2.14251854969842e+38,  -2.53455991238709e+43, 3.01931086694941e-107, 4.53886020604293e+279,  -2.50732863226979e+35, -5.8483504022866e-283, -4.24437448855967e-112,  9.31443730154939e+294, 1.87140026336074e+293, 7.81174850164908e+153,  -1.81388628605987e-210, 2.97417034753781e-112, 3.07889192536957e+72,  5.35549805806789e-126, 4.3074189111213e-81, -4.83607699504743e+296,  -2.08646123505364e-308, 1.0508251348713e+162, 1.3408833286825e-229,  -4.27076908370558e-112, -6.60539390823748e+49, -6.51980787389465e-92 ), y2 = c(1.46508855647616e-308, 4.37491902316792e-267, 3.68941253810734e+142,  -9.48403647518613e+302, 4.52707952240169e+243, -1.98682959112774e-52,  2.80442413482249e+93, -3.49120966287497e+274, -4.36991604032254e+61,  -6.65976989513026e-283, 4.42844269247337e-45, 1.98141864604825e-95,  -2.80316332377215e+114, 3.39496965625756e+134, -1.15574798364676e+282,  -4.86507829573234e+261))
result <- do.call(gear:::eucdist2,testlist)
str(result)