testlist <- list(eps = 0, x1 = c(1.80929000322547e-308, -9.27191279380401e-227,  -3.30454338512553e-220, 0.00326457501838524, -4.11828281046168e-243 ), x2 = c(-3.21804657303796e+163, -3.21804657303796e+163, -3.21804657303796e+163,  -3.21804657303796e+163, -3.21804657303796e+163, -3.21804657303796e+163,  -3.21804657303796e+163, -3.21804657303796e+163, -3.21804657303796e+163,  -3.21804657303796e+163, -3.21804657303796e+163, -3.21804657303796e+163,  -3.21804657303796e+163, -3.21804657303796e+163, -3.21804657303796e+163,  -3.21804657303796e+163, -3.21804657303796e+163, 3.92031339396152e-101,  -3.21804657303784e+163, -3.21804657303796e+163, -3.21804657303796e+163,  -3.21804657303796e+163, -3.21804657303796e+163, -3.21804657303796e+163,  -3.21804657303796e+163, -3.21804657303796e+163, -3.21804657303796e+163,  -3.21804657303796e+163, -3.21804657303796e+163, -3.21804657303796e+163,  -3.21804657303796e+163, -3.21804657303796e+163, -3.21804657303796e+163,  -3.21804657303796e+163, -3.21804657303796e+163, -3.21812790069963e+163,  -2.87157015536279e-255, -1.43813740810731e-31, -1.22730046883238e-173,  -4.17958344789588e-215, 1.2302234581447e-321, 0, 0, 0, 0, 0,  0, 0, 0, 0, 0, 0, 0, 0, 0, 0, 0, 0, 0, 0, 0, 0, 0, 0, 0, 0, 0,  0, 0, 0, 0, 0, 0, 0, 0, 0, 0, 0, 0, 0, 0, 0, 0, 0, 0, 0, 0, 0,  0, 0, 0, 0, 0, 0, 0, 0, 0, 0), y1 = c(1.77288451463919e+81, 7.30351788343351e+245,  1.14935825540514e+262, 9.09252021533702e-172, 1.65646662424464e-91,  2.77067322468006e+114, 6.44719590123194e+27, -1.82639555576017e-07,  6.0865398775733e-307, 1.26894802887185e-299, -8.08634922390439e-174,  1.6028675354771e+159, -6.61244364706577e+107, 2.12429456383766e+74,  -8.77181209497119e-92, 3.83649683197529e+273, -2.81904126392668e-103,  1.2979591847538e+265, -2.18015910745342e-106, 0.000842854435994265,  9.3425016048025e+112, 4.09981500004494e+214, 3.68941345982899e+142,  -9.48403647518613e+302, 4.5273432475819e+243, -1.98682959112774e-52,  -4.94765975712153e+173, -5.71731300153722e+278, 9.51358141623869e-306,  1.36315478324415e+122, -9.7285773626152e+119, -2.26862130016583e+77,  5.43293304521604e-23, -30297238.8750584, 6.16796196023037e-263,  1.06904273990026e-306, -3.58672533154346e+152, 1.37818525006911e+51,  1.21027935982221e-85, 5.90425319239929e-149, -3.84612539172787e+265,  7.77105150009962e-243, 3.98892833397061e-222, -1.5060850259788e+100,  4.94024805630092e+150, 9.01909135488306e+279, -40057988.7407236,  -3.87189210334079e-229, -2.09285283449224e+306, NaN, -5.00526647386351e-76,  -1.08398089762916e-265, 3.4745211353783e-75, -1.05576085035733e+96,  6.57799258182979e+34, 4.15520200026459e-91, -4.27018452433131e+90,  -1.5389888576388e+167, -4.64382095440502e+159, -3.21804657303796e+163,  -3.21804657303796e+163, -3.21804657303796e+163, -3.21804657303796e+163,  -3.21804657303796e+163, -3.21804657303796e+163, -3.21804657303796e+163,  -3.21804657303796e+163, -3.21804657303796e+163, -3.21804657303796e+163,  -3.21804657303796e+163, -3.21804657303796e+163, -3.21804657303796e+163,  -3.21804657303796e+163, -3.21804657303796e+163, -3.21804657303796e+163,  -3.21804657303796e+163, -3.21804657303796e+163, -3.21804657303796e+163,  -3.21804657303796e+163, -3.21803833528076e+163, -3.21804657303796e+163,  -3.21804657303796e+163, 0), y2 = numeric(0))
result <- do.call(gear:::eucdist2,testlist)
str(result)