testlist <- list(eps = -41255400998277.5, x1 = c(1.4174931883648e-311, -1.63820519046138e-154,  -3.30454338512553e-220, 0.00326457501838524), x2 = c(-1.01766835176553e-176,  2.13081224699167e-306, 4.27034002737419e-225, 1.83700739268036e+295,  44613761389373456, 7.77090039471113e-243, 2.3371709280754e+178,  -1.51185219142135e+100, 1.48509063133595e+151, -4.935520031707e-178,  4.35713332857906e-23, -1.13853964838196e+217, -1.34248973094351,  -3.77133744814312e+264, 526188584.425339, -1.68064395986298e+112,  1.61337657345915e-109, 5.84023841882129e-162, 1.26396830123448e-109,  1.45416948911125e-48, -2.17052593483747e+177, 9.6549161147617e-306,  -9.56751533895181e+302, -4.63135416405902e-282, 3.83096637976079e-306,  3.83094465052381e-306, -4.03751393280752e+247, 6.98515963787954e+303,  -2.25732825323476e+149, 7.01939929270741e+116, 4.27749325077951e+81,  6.2897752130965e-252, -4.94660915787833e+173, 1.36755550753951e-215,  9.43514262432946e-281, 4.83395786274431e+176, 5.57168368224912e+269,  1.3631532071639e+122, 5.36909045697854e-16, 6.18276754491895e+172,  -8.26305822454215e-104, -3.62627129016487e+265, -2.32962185873585e-21,  5.40638839707911e+87, 1.4919890803611e-154, 1.3058373867903e+50,  3.46698611897632e-306, -8.05945083078099e+257, -3.34092633829913e+144,  -0.00177005718028122, 6.81505309571102e-20, 1.26358651179392e+117,  1.15063716654321e+246, 6.42953081398103e+91, 7.54411979383689e-304,  -652334.765157289, -4.72430154130538e-178, -6.81405800087516e+107,  -4.63135250416748e-282, -4.6313541705684e-282, -4.63891965277462e-282,  3.77745182811098e+111, 1.28046310419878e-287, -1.5429142086882e+172,  3.56851881960778e-128), y1 = c(-7.57690586869615e+160, 1.77288451463919e+81,  7.30351788342879e+245, 6.01869721886868e-230, 9.09252020716592e-172,  1.65646662424464e-91, 2.77067322468006e+114, 6.44719590123194e+27,  -1.82639555575468e-07, -4.23728589062758e-119, -1.19043356885614e+85,  3.31651474200439e-262, 1.82363221083299e-238, 1.45498032865368e+289,  1.11765367033464e-296, 1.4017875760294e+223, 1.62626643530022e-307,  3.01351499841396e+296, 6.74292514273455e-308, -2.24091044999004e-162,  8.31991587668871e+214, 5.27978528668767e+241, 1.56502361611417e-08,  1.48431441806053e-147, -8.70679849398304e+175, -3.3266011189287e-96,  2.12289510213857e-311, -3.36784498174258e-13, 2.2635875871777e-97,  7.21805959480524e-153, 3.75658321872677e-307, 4.02052802072923e+77,  9.78597832733247e-295), y2 = c(3.0135153699541e+296, 3.0135153699541e+296,  3.0135153699541e+296, 3.0135153699541e+296, 3.0135153699541e+296,  3.0135153699541e+296, 3.0135153699541e+296, -41255400998277.5,  -41255400998277.5, -41255400998277.5, -41255400998277.5, -41255400998277.5,  -41255400998277.5, -41255400998277.5, -41255400998277.5, -41255400998277.5,  -41255400998277.5, -41255400998277.5, -41255400998277.5, -41255400998277.5,  -41255400998277.5, -41255400998277.5, -41255400998277.5, -41255400998277.5,  -41255400998277.5, -41255400998277.5, -41255400998277.5, 1.92904766045768e-121,  -41255400998277.5, -41255400998277.5, -41255400998277.5, -41255400998277.5,  -41255400998277.5, -41255400998277.5, -41255400998277.5, -41255400998277.5,  -41255400998277.5, -41255400998277.5, -41255400998277.5, -41255400998277.5,  -41255400998277.5, -41255400998277.5, -41255400998277.5, -41255400998277.5,  -41255400998277.5, -41255400998277.5, -41255400998277.5, -41255400998277.5,  0))
result <- do.call(gear:::eucdist2,testlist)
str(result)