testlist <- list(eps = 4.71888877141639e+89, x1 = c(4.28136551516087e-296,  -3.7599427311726e-220, -1.66126826703397e+139, -1.46065898713886e-08,  6.45196673064835e-161, 3.56851881960778e-128, 1.97477854522281e-304,  -2.24084473656418e-162, 1.34080070281552e+215, 5.27978528668767e+241,  5.55737183113213e-57, 2.60050883817248e+143, -9.48403647518613e+302,  4.52707952240169e+243, -4.79047615399789e-131, 7.68947266797683e-207,  -7.8390706724114e+170, 1.79994025768131e-307, 3.46698611375612e-306,  4.37281637047206e+115, -7.66433052775737e-108), x2 = c(7.43715029324575e-218,  4.8511785802016e+20, -7.37401988759011e-188, NA, 3.76512197955142e+111,  1.27983930679673e-287, -1.06488025032251e+242, -2.28952977607054e-265,  7.1617331105639e-239, 5.43110694808888e-57, 4.0553553483515e-151,  7.79580491733706e-42, 1.26789466698335e-271, -7.64575649809709e-295,  1.5699760239745e-143, 2.24355001191217e-159, -14346153281.6,  -1.82639624785945e-07, Inf, -6.08857923029952e+168, 3.26900156023975e-310,  -3.81783161915941e+170, 1.14083815318838e-296, 1.4017875760294e+223,  1.6134462352638e-307, 1.46950623454932e+302, -3.623435354858e+72,  -2.56426481225994e+33, 7.62816258558929e-187, 7.01690503347382e-112,  3.0654356309538e-115, -7.95731273756152e+168, -2.33200568149972e+34,  Inf, -5.22684006384354e+300, -6.52900827607242e-292, -Inf, 3.53325888330268e-252,  -2.27270409270657e-37, -4.75780565187834e+152, 1.49038438340945e-109,  3.920037254621e-101, 1.22332895999572e+101, 3.66727143583739e-101,  -10752.0756650554, -4.79047615399789e-131, 7.68947266797683e-207,  -7.8390706724114e+170, 1.79994025768131e-307, 3.46698611375612e-306,  4.37281637047206e+115, -7.66433052775737e-108, 1.26351257216946e-304,  -1.65387028580727e-79, 9.47636927860496e-282, 2.07041872966792e+226,  -7.37401988698662e-188, NaN, -7.08309573615377e+193, -5.20088261505991e-186,  -1.33758242466721e+241, -2.31950618079924e+195, 0), y1 = c(9.47636927860496e-282,  2.07041872966792e+226, -7.37401988698662e-188, NaN, -7.08309573615377e+193,  -5.20088261505991e-186, -1.33758242466721e+241, -2.31950618079924e+195,  -1.75388876035754e-182, 4.19929677917149e-140, 7.43715029324575e-218,  -Inf, -7.37401988759011e-188, NaN, 3.76512197955142e+111, 1.28048064067193e-287,  -1.06488025032251e+242, -2.28949310145276e-265, 7.1617331105639e-239,  5.43110694808888e-57, -7.15280281154893e-236, -8.08634922811748e-174,  1.60286753547645e+159, -5.49282141791306e+303, 2.12429456383766e+74,  -8.77177698239853e-92, 3.83649683197529e+273, -7.57690613021016e+160,  1.16977348789727e+155, -9.18515626237144e-189, 4.09495312611452e-156,  18010457.5264878, -8.07782989580045e-52, NA, -1.57344470429255e-283,  -9.24505137879263e+144, 7.02093843054776e+116, 4.27749325077951e+81,  6.27592249534973e-252, -5.66998131753148e-135, -Inf, 4.50557081036338e+151,  -4.36840080055805e-285, 1.32515007107778e+304, -1.43447304931125e-161,  -5.06600426499913e+235, -4.73026907193286e+145, 3.06543563623782e-115,  3.0654356309538e-115, -1.04656986939051e+299, 2.13258855234408e-305,  -2.38884237765089e-10, -2.37294829344892e-177, -1.70200921224798e+232,  4.37491901281626e-267, -6.74413220163219e+150, 1.89143448061817e+41,  3.2844377633339e+145, 4.24670808741503e-305, -2.15998782280466e-80,  3.68960417690579e-101, -10752.075656891, -4.79047615399789e-131,  7.68947266797683e-207, -7.8390706724114e+170, 1.79994025768131e-307,  3.46698611375612e-306, 4.37281637047206e+115, -7.66433052776047e-108,  Inf, -1.65387028580727e-79, -3.56115048508618e+237, 2.07041872966792e+226,  -7.37401988698662e-188, 0), y2 = c(1.28048064067193e-287, -1.06488025032251e+242,  -2.28952977607054e-265, 7.1617331105639e-239, 5.43110694808888e-57,  -7.15280281154893e-236, -8.08634922811748e-174, NA, -6.61244364706577e+107,  2.12429456383766e+74, 2.78202461504891e-309, 3.83649683197527e+273,  -7.57690613021016e+160, 1.16977348789727e+155, -9.18515626237144e-189,  4.09495312611452e-156, 18010457.5264878, -8.07782989580045e-52,  -7.66393995882265e+106, -1.57344470429255e-283, -9.24505137879263e+144,  7.02093843054776e+116, 4.27749325077951e+81, 6.27592249534973e-252,  -5.66998131753148e-135, -2.73905226457574e+305, 4.50557081036338e+151,  -4.36840080055805e-285, 1.32515007107778e+304, -1.43447304931125e-161,  -5.06600426499913e+235, -4.73026907193286e+145, -1.0053055433713e+296,  3.0654356309538e-115, -1.04656986939051e+299, 2.13258855234408e-305,  NaN, -2.37294829344892e-177, -1.70200921224798e+232, 4.37491901281626e-267,  -6.74413220163219e+150, NaN, 3.2844377633339e+145, 4.24670808741503e-305,  -2.15998782280466e-80, 4.19445470384514e-168, -1.05426520571626e-81,  1.66173276169243e-130, 5.19864644353152e+283, -8.0327405739543e+236,  9.62166288059911e+139, -4.59931364697022e+58, -2.14251854969842e+38,  2.69240212907825e+226, 6.50138800858794e-258, -3.56115048508618e+237,  -6.10619926702613e+44, -1.37393942591899e-48, 3.26704768937153e-168,  -4.8546869111557e+92, -Inf, 0))
result <- do.call(gear:::eucdist2,testlist)
str(result)