testlist <- list(eps = 0, x1 = c(1.14284303991608e-309, -9.27319306460599e-227,  196827.893629544, 3.56851881960778e-128, -3.53927855703258e-74,  -7.26292917964095e+153, 1.55920285003016e-08, 1.48431441806053e-147,  -7.49548249029197e+106, -1.57344470429255e-283, 7.19899884810936e-63,  7.29112230839789e-304, -5.11411954320786e-238, -2.45052963524179e+190,  1.29609723070472e-318, 0, -2.15998755206939e-80, 1.66173276169247e-130,  2.2635871874424e-97, 1.454435473905e+302, 4.11932782999429e-175 ), x2 = c(5.05923221341436e-321, 0, -7.87396433622103e+205, -Inf,  -7.75184437256889e-308, -Inf, 4.82567823345994e+188, -2.04130495030323e-261,  -1.1320683877208e-255, 1.87020847828525e-307, -9.91884213885447e-158,  -2.30331110816477e-156, 4.16882766625066e+216, 1.23232655936129e-77,  1.81815932406473e+53, 1.39002043475508e-309, 9.58393769144519e-78,  -3.3051885259725e-28, -Inf, 0, 1.15456923037664e+176, -2.94536253670946e+296,  3.49872875433261e-312, -2.51734443859952e-273, 8.4376857422675e+152,  1.92904766045768e-121, 7.69387161567448e-115, -4.53327450858594e+100,  -4.5563434688244e+100, 4.28003800519974e+216, 0), y1 = c(16096.2590636027,  1.86360849995986e+105, -2.30331110816477e-156, -7.22204366818843e+193,  -2.61137911650226e+264, -5.22684006384349e+300, -6.52900827607242e-292,  -9.1227365383931e+239, 2.00173455371254e-28, 8.49037336353572e-314,  0, 9.2606990362411e+294, 1.87140026858854e+293, 8.95674561110398e-310,  1.86360761167431e+105, -6.10034757981482e-77, -7.26292917964095e+153,  1.55920285003016e-08, -1.41247287814259e+100, -4.55634347060681e+100,  -9.73228994393969e+196, -2.38884358862635e-10, 122973.640715808,  -1.74979527134942e+157, -6.60539352494343e+49, 8.81337073100191e-280,  -8.15082725622392e+273, -1.64918989376378e+230, -6.65976989513034e-283,  4.12502082365821e-312, 9.14798230305749e+130, -6.82943770915807e+156,  -4.86507829573235e+261, -1.12181685914956e-204, 4.71864329826971e-21,  -5.32717686824313e+261, 1.74273204902173e-84, -2.30322905006958e-156,  -2.30331110816477e-156, 1.92904766045771e-121, 7.69387161567448e-115,  1.16977348789727e+155, -9.48342161342872e+302, 3.77664385780611e-306,  3.22046105542168e+126, -5.82900682394226e+303), y2 = c(4.3999148892391e-229,  -8.08635507981235e-174, 4.38715824481393e-172, 2.45603757380056e+139,  -1.17115615615e+212, 2.66091786184218e-31, 7.60158547092436e+304,  9.28191293874552e+240, 8.49513687487235e-308, -2.30331078762534e-156,  -2.30331110816477e-156, 3.38720457550478e-312, 0, 0, 0, 0, 0,  0, 0, 0, 0, 0, 0, 0, 0, 0, 0, 0, 0, 0, 0, 0, 0, 0, 0, 0, 0, 0,  0, 0, 0, 0, 0, 0, 0, 0, 0, 0, 0, 0, 0, 0, 0, 0, 0, 0, 0, 0))
result <- do.call(gear:::eucdist2,testlist)
str(result)