testlist <- list(eps = 0, x1 = c(1.4174931883648e-311, 1.87858617713656e-168,  6.79863682105706e-315, Inf, 4.03298032597048e-308, -2.26862130012388e+77,  5.43293304521604e-23, -1.34249434377473, -7.58327215139024e+177,  524288.079638254, NA, -5.75987958470249e-164, 4.17151654731827e+214,  1.40147795780273e-284, 4.05133829589822e-322, -5.46354690059082e-108,  2.4038435938817e-315, 1.4017875760294e+223, 7.54927983758384e+121,  3.37530889835768e+294, 0), x2 = c(-3.34092641970506e+144, NaN,  6.81505309571102e-20, 6.50138800860706e-258, 4.53204024986352e+303,  -6.77408328652264e-267, -5.8359226205393e+79, 3.3522083185016e-230,  -4.27076908370558e-112, 4.2885320426943e+216, 1.03639135457277e-307,  7.71532912545691e-320, Inf, -5.34468764745428e-79, 5.6885606814458e-317,  1.38523968124674e-309, -3.04846766255944e-177, 7.68501517370789e+295,  -6.08646563696416e-202, 7.54927983758384e+121, -1.30315745009904e-202,  -1.23977107527406e+212, 1.46298465800139e+243, -2.88826644177809e-221,  NaN, 0), y1 = c(2.44515984395167e-287, -2.13700693923211e+268,  6.15446268169094e-313, 44613761389373440, 1.00299132065777e-13,  7.68947266842777e-207, 5.95569568589924e+117, -2.61548790851393e+162,  -2.498633810642e-66, 2.74694980286273e+88, 9.34249489553514e+112,  -5.51511766601852e+67, 6.14455025352477e-73, -7.7487115658862e-132,  4.16882816770762e+216, -2.5896353158342e+161, 1.61317871529125e-307,  0, -5.34468764745418e-79, -5.34468764745428e-79, 0, -1.22616170193111e+108,  -1.12181685919942e-204, 2.85672706592685e-146, 4.44411230227823e-288,  3.13289743582555e+224, 3.35220832032653e-230, -4.27076908255591e-112,  4.2885320426943e+216, 1.03639135457277e-307, 7.71532912545691e-320,  -5.3446858811355e-79, -5.39727590323598e-79, 5.6885606814458e-317,  5.00532988557715e-308, -3.04846766255944e-177, 7.68501517370789e+295,  1.40460822631095e+306, -1.11814610338396e-218, 3.94349772078353e+48,  -2.86439499564374e+79, -3.30632482584205e+263, -1.00690656345843e-273,  -1.124532304288e+132, 1.49229480822287e-156, 6.89071613155974e-308,  1.64198306495555e-167, -4.83607797980003e+296, 2.21361095291384e+228,  524288.079639404, -1.68064395986298e+112, -5.75987958470249e-164,  4.17151654731827e+214, 3.76068780058276e+142, 5.27388200982069e+148,  2.02315087263704e-22, 2.26528480025051e-308, 5.56914412454122e-169,  -2.73905224828089e+305), y2 = c(-8.89428353132759e-268, 2.44515984395167e-287,  -2.13700693923211e+268, 6.15446268169094e-313, 44613761389373440,  1.00299132065777e-13, 7.68947266842777e-207, 5.95569568589924e+117,  -2.61548790851393e+162, -2.498633810642e-66, 2.74694980286273e+88,  9.34249489553514e+112, -5.51511766601852e+67, 6.14455025352477e-73,  -7.7487115658862e-132, 4.16882816770762e+216, -2.5896353158342e+161,  1.61317871529125e-307, 0, -5.34468764745418e-79, -5.34468764745428e-79,  0, -1.22616170193111e+108, -1.12181685919942e-204, 2.85672706592685e-146,  4.44411230184818e-288, 3.13289743582555e+224, 3.35220832032653e-230,  -4.27076908255591e-112, 4.2885320426943e+216, 1.03639135457277e-307,  7.71532912545691e-320, -1.0689371762271e-78, -5.39727590323598e-79,  5.6885606814458e-317, 5.00532988557715e-308, -3.04846766255944e-177,  7.68501517370789e+295, -6.08646563696416e-202, -4.06742974773185e-174,  1.86961310447349e+105, 1.28496921823475e+42, 7.66379757937355e-28,  8.69557976076713e+170, 6.57150507135938e-307, -1.2540964801429e+238,  -1.37389766397036e-48, -7.22221356841538e+193, 1.46298522328696e+243,  7.10577044752536e-15, 0, -5.34468764742733e-79, -5.34468764745428e-79,  8.64614880222181e-322, 7.20804276010654e+157, -3.03850114098656e-200,  -1.43561043640136e-44, 3.64984106784129e+27, -2.87833285182566e-255,  3.94349772078436e+48, -2.86439489073719e+79, -1.63022194701715e+197,  8.34227181637612e-65, 1.97512425611697e-317, -5.34423546984642e-79,  -1.70024568327489e-77, 1.45627162091161e-314, 6.20648814443125e-145,  1.81472431744635e+42, 1.64142542941541e+145, 1.050788564771e-116,  -9.53713300094187e+231, -8.02022429126393e+48, -1.60726518996819e-89,  3.02103254209615e+69, -2.8216029435452e-266, 2.97779856453915e-299,  -8.23403930492488e+299, 1.35577335064806e-309, 0, 0, 0, 0, 0,  0, 0, 0, 0))
result <- do.call(gear:::eucdist2,testlist)
str(result)