testlist <- list(eps = 2.66853365618868e+237, x1 = 3.3103697150549e-28, x2 = c(5.14291266320765e+25,  5.1427761573015e+25, 5.10796715123441e+25, 5.10041136486182e+25,  6.11005331889935e+25, 5.14291266320765e+25, 5.14291266320765e+25,  5.14291266320765e+25, NaN, 5.14291266320765e+25, NaN), y1 = c(2.8396262443943e+238,  2.8396262443943e+238, 2.8396262443943e+238, 2.8396262443943e+238,  2.8396262443943e+238, 2.83962624352253e+238, 2.8396262443943e+238,  3.3104760570687e-28, 3.3103697155251e-28, 3.31031386355671e-28,  1.90761232716948e-42, 5.14291266320765e+25, 1.1252965982107e+26,  5.14291266320765e+25, 5.14291266320765e+25, 5.14291266320765e+25,  5.1429126616877e+25, 5.14304179041616e+25, NaN, 5.1429126632077e+25,  5.14291266320765e+25, NaN, 5.14291266320765e+25, 5.14291266320765e+25,  5.14291266320765e+25, 3.17070426908996e+25, 5.17219133540144e+25,  5.14291266320765e+25, 5.14291266320765e+25, 5.14291266320765e+25,  5.14291266320765e+25, 5.14291251909246e+25, 9.32421483060516e-192,  5.14291266332024e+25, 5.14291266320765e+25, 5.14291266320765e+25,  5.14291266320765e+25, 5.14291267369127e+25, 5.14291266320765e+25,  5.14291166881285e+25, 9.83496710898254e+24, 5.14291266320765e+25,  3.3704591957361e+30, 5.14291266320765e+25, 5.1429126637143e+25,  NaN, 5.14294586734698e+25, 5.14291266320765e+25, 3.31039098383382e-28,  4.17827400064856e-57, 4.09638453434296e-28, 2.26504687437144e-76,  3.3103697155251e-28, 3.3104217156336e-28, 5.14291266258597e+25,  5.14291266320765e+25, 7.12492732646357e-304, 5.38469782713057e+25,  3.31036979860443e-28, 2.78257790395508e-309, 3.31036971552507e-28,  2.68165095765852e-29, 1.21332365087944e-279, 1.21327976778599e-279,  1.21327976778599e-279, 1.21327976778599e-279, 1.21327976778599e-279,  3.31026917442934e-28, 3.3103697155251e-28, 3.3103697155251e-28,  3.3103697155251e-28, 5.13248271495999e+25, 5.14291266320765e+25,  5.14291266320765e+25, 5.15046844958024e+25, 5.14291266320765e+25,  5.14291266320765e+25, 5.14291266320765e+25, 5.14291266320765e+25,  5.14291266320765e+25, 2.83951651850384e+238, 2.8396262443943e+238,  2.83962624439429e+238, 2.8396262443943e+238, 7.88153095736902e-27,  3.3103697155251e-28, 2.1224775019947e-311, 5.12969003705557e+25,  1.76702286857555e+26, 5.14297907148631e+25, 5.14291266320765e+25,  5.14291266320765e+25, 1.4637958277028e+26, 5.14291266320762e+25,  5.14291266517797e+25, 6.18970018801736e+26, 5.14291266320765e+25,  1.67620769889603e+117, 5.14291266320765e+25, 0), y2 = c(5.14291266320765e+25,  5.14291266320765e+25, Inf, 3.30741148713052e-28, 3.31038127110477e-28,  3.30543933486747e-28, 3.3103697155251e-28, 3.31036971631856e-28,  5.14291266320764e+25, 5.14291266320765e+25, 5.07843022462359e+25,  5.14291635255646e+25, 3.31036971552637e-28, 3.31036971552509e-28,  3.3103697155251e-28, 3.3102594936516e-28, NaN, 3.3103697155251e-28,  3.3103697155251e-28, 3.3103697155251e-28, 5.14291250405927e+25,  5.14291266320765e+25, 5.14291266320765e+25, 5.14291266320765e+25,  5.14291266320765e+25, 5.14291266320765e+25, 5.14291266320765e+25,  5.14291266320765e+25, 5.14291266320765e+25, 2.45874177724564e+24,  5.14291266320765e+25, 5.14291635255646e+25, 1.1469078488049e+69,  5.14291266320765e+25, 5.14291266320765e+25, 5.14291266320765e+25,  3.31036979860443e-28, 3.31035815994543e-28, 3.31036976066408e-28,  3.31035045622566e-28, 3.3103697155251e-28, 3.31036969295561e-28,  Inf, 5.14291266320765e+25, 5.14266077868193e+25, 5.14291267761916e+25,  5.14291266241952e+25, NaN, 5.14291266320765e+25, NA, 3.06543563095379e-115,  2.71948323328335e-312, 7.19803023011567e+38, 1.19856579396908e-255,  4.823006957659e+207, 0))
result <- do.call(gear:::eucdist2,testlist)
str(result)