testlist <- list(eps = 0, x1 = c(4.47593815953616e-91, 4.47593815953616e-91,  4.47593815953616e-91, 4.47593815953616e-91, 4.47593815953616e-91,  4.47593815953616e-91, 4.47593815953616e-91, 4.48372846899009e-91,  4.47593815953616e-91, 4.47593815953616e-91, 8.11497524783147e-308,  4.47593816706636e-91, 4.47593815953616e-91, 4.47593815953616e-91,  4.47593815953616e-91, 4.47593815953616e-91, 4.47593815953616e-91,  4.47593815953616e-91, 4.47593815953616e-91, 4.47593815953616e-91,  4.47593815953616e-91, 4.47593815953616e-91, 4.47593815953616e-91,  4.47593815953616e-91, 4.47593815953616e-91, 4.47593815953616e-91,  4.47593815953616e-91, 4.47593815953616e-91, 4.47593815953616e-91,  4.47593815953616e-91, 9.00005837621482e-178, 4.47593815953616e-91,  4.47593815953616e-91, 4.47593815953616e-91, 4.47593815953616e-91,  4.47593815953616e-91, 4.47593815953616e-91, 4.47593815953616e-91,  4.47593815953616e-91, 4.47593815953616e-91, 4.47593833327031e-91,  4.47593809552887e-91, 4.47593815953616e-91, 4.47593815953616e-91,  4.47593815953616e-91, 4.47593815953616e-91, 4.47593815953616e-91,  4.47593815953616e-91, 4.47593815953616e-91, 4.47593815953616e-91,  4.47593815953616e-91, 4.4759381596076e-91, 4.47593815953616e-91,  4.47593815953616e-91, 0), x2 = c(4.47593815953616e-91, 4.47593815953616e-91,  4.47593815953616e-91, 4.47593840642144e-91, 4.47593815953616e-91,  9.58642804388145e-313, 4.47593815953616e-91, 4.47593815953616e-91,  4.47593815953616e-91, 4.47593815953616e-91, 4.47593815953616e-91,  -3219304191825558, 2.95426122288649e-308, -2.24091044999004e-162,  3.46760665358981e-313, 5.27978528668767e+241, 5.55737183113213e-57,  4.0553553483515e-151, 7.79580491733706e-42, 2.23796907976811e-91,  4.47593815953616e-91, 4.47593815953616e-91, 4.47593815953616e-91,  4.47593815953616e-91, 4.47593815953616e-91, 4.47593815953616e-91,  4.47593815953616e-91, NA, 4.47593815953616e-91, 4.47593815953616e-91,  4.47593815953616e-91, 4.47597093127065e-91, 4.44886829377055e-91,  4.47599433965242e-91, 4.47593815953616e-91, 4.47593815953616e-91,  4.47593815953616e-91, 4.47593815953616e-91, 4.47593815953616e-91,  4.47593815953616e-91, 4.47593815953616e-91, 4.95240899587388e-90,  4.47593815953616e-91, 4.47593815953616e-91, 1.50812036844122e-154,  4.47593815953616e-91, 4.47593815953616e-91, 4.47593815953616e-91,  4.47593815953616e-91, 4.47587027415747e-91, 4.47623778682286e-91,  4.47593815953616e-91, 4.47593815888012e-91, 4.47593815953616e-91,  4.47593815953616e-91, 4.47593815953616e-91, 4.47593815953616e-91,  4.47593815953616e-91, Inf, 4.47593815953616e-91, 4.47593815953616e-91,  4.47593815955932e-91, 4.47593815953616e-91, 4.47593815953616e-91,  4.47593815953616e-91, -3.39497687730177e+278, 1.15400829018999e-310,  1.60806613080199e-21, 7.54792530912984e+168, 1.21373262043093e+301,  -3.83415537860253e-269, -7.66393995882265e+106, 1.82427005815253e-307,  -4.86507829573033e+261, -1.12181676112453e-204, 4.47615162299896e-91,  -Inf, 4.47593815953616e-91, -4.73936589389393e-178, 9.58642804388145e-313,  -4.61907198428607e+261, -1.12181676112453e-204, 4.8344490121305e-21,  1.26278846315749e+30, 7.28489860076135e-304, -4.03745792148629e+247,  6.98114205284993e+303, -1.47416531241142e-29, -9.26916759452804e-30,  -2.60292104424308e-89, 5.15711505335095e-257, 2.33563339919143e-91,  6.429530814007e+91, 2.81184485887907e+191, 0), y1 = c(4.47593815953616e-91,  4.47593815953616e-91, 4.47596859043247e-91, 4.47593815953616e-91,  4.47593815953616e-91, -2.45412557907145e-310, 4.47593815956558e-91,  4.47593815953616e-91, 4.47593815953616e-91, 4.47593815953616e-91,  4.47593815953616e-91, 4.47593815953616e-91, 4.47593815953616e-91,  4.47593815953616e-91, 4.47593815953616e-91, 4.47593815953616e-91,  4.47593815953616e-91, 4.47593815953616e-91, 4.47593815953616e-91,  4.47593815953616e-91, 4.47593815953616e-91, 1.31751405502476e-91,  4.47593815953616e-91, 4.47593815953616e-91, 4.47593815953616e-91,  4.47593815953616e-91, 4.47593815953616e-91, 4.47593815953616e-91,  4.47593815953616e-91, 4.47593815953616e-91, 4.47593815953616e-91,  4.47593815953616e-91, 4.47593815953616e-91, 4.47593815953616e-91,  4.47593815953616e-91, 4.47593815953616e-91, 4.47593815928613e-91,  4.47593815953616e-91, 4.47593815953616e-91, 4.47593815953616e-91,  4.47593815953616e-91, 4.47589134277262e-91, 4.47593815953616e-91,  4.47593815953616e-91, 4.47593815953616e-91, 4.47593815953616e-91,  4.47593815953616e-91, 4.47593815953616e-91, 4.47593815953616e-91,  4.47593815953625e-91, 4.47593815953616e-91, 4.47593815953616e-91,  4.47593815953616e-91, 5.15782892044531e-145, 4.47588213613876e-91,  4.47593815953616e-91, 4.47593815953616e-91, 4.47593815953616e-91,  4.47593815953616e-91, 3.89585657538216e-87, 4.47593815953616e-91,  4.47593815953616e-91, 4.47593815953616e-91, 4.47593815953616e-91,  4.47593815896467e-91, 4.47593815953616e-91, 4.47593815953616e-91,  4.47593815953616e-91, 4.47593815953616e-91, 4.47593815953616e-91,  4.47593815953616e-91, 4.47593815953616e-91, 4.47593815953616e-91,  4.47593815953616e-91, 4.47593815953616e-91, 4.47593815953616e-91,  2.45412557923588e-310, 4.47593815952986e-91, 4.47593815953618e-91,  1.08804032157761e-153, 4.47593815953616e-91, 4.47593976886241e-91,  4.47593815953616e-91, 4.47583240874698e-91, 5.1827823078972e-14,  4.47593815953616e-91, 5.80809720419159e-309, 4.47593815953621e-91,  4.47593815953616e-91, 4.47593815953616e-91, 4.47593815953616e-91,  4.47593815953616e-91, 4.47593815953616e-91, 4.47593815953616e-91,  0), y2 = c(0, 0, 0, 0, 0, 0, 0, 0, 0, 0, 0, 0, 0, 0, 0, 0, 0,  0, 0, 0, 0, 0, 0, 0, 0, 0, 0, 0, 0, 0, 0, 0, 0, 0, 0, 0, 0, 0,  0, 0, 0, 0, 0, 0, 0, 0, 0, 0, 0, 0, 0, 0, 0, 0, 0, 0, 0, 0, 0,  0, 0, 0, 0, 0, 0, 0, 0, 0, 0, 0, 0, 0, 0, 0, 0, 0, 0, 0, 0, 0,  0))
result <- do.call(gear:::eucdist2,testlist)
str(result)