testlist <- list(eps = 0, x1 = c(-1.00976809047168e-294, -1.65923311961602e+139,  -1.25285905000931e-52, 3.40062824303885e-307, -1.47017392936622e-08,  6.45187551497302e-161, 3.56851881960778e-128, -5.11411954320769e-238,  -2.37648738226048e-197, 1.47960596083784e+237, 4.4790802764474e-172,  8.09880219921894e+62, -1.209785279177e+212, 8.89926856466142e-229,  7.53416878527662e-218, 4.85117622763326e+20, -7.37289604618617e-188,  NaN, 8.15556746808899e+221, -5.4236391058933e+132), x2 = c(7.29240683873583e-304,  2.47940155522207e+87, -2.38778460595625e-87, -1.84865197737565e-25,  5.46530833308549e-305, 4.33258428529052e-189, 4.84937237405338e-113,  1.17197315732098e-203, -5.39133719781143e-271, 5.19855381961635e-222,  -1.11085304886838e-255, 6.91068252384279e-127, -1.09523367175045e+61,  5.9271754369003e-184, -2.53455991238707e+43, 3.01931086694941e-107,  4.53886020604293e+279, -2.50732863226979e+35, -5.8483504022866e-283,  4.98471316782431e-262, 9.22197626007745e+159, -8.05928946403299e+257,  -3.34092611734015e+144, -0.00177005750770453, 5.17163736246268e+62,  1.2635865117922e+117, 1.37111655552297e-306, -9.09843453744056e+303,  -3.77795520834047e-107, -1.65387028637673e-79, 9.47636927860496e-282,  2.07041872966792e+226, -2.58963531001452e+161, 2.62477117580686e-304,  -1.00326688427558e-36, 6.26258116595531e+102, 3.87405184898741e-161,  4.71881834963504e+89, 2.6876181403886e-291, 4.22331475239557e-168,  -4.8546869111557e+92, -1.0053055433713e+296, -2.77107881694565e+188,  -1.0884631746253e-200, 7.1617331106164e-239, 5.95896578441858e+286,  2.37512791734671e+148, -1.6712265959434e-181, -1.08209680561395e+36,  3.7285581203771e+246, -1.28861149409825e-231, -3.18478554037176e-241,  -5.38927074570648e+194, 6.81325201105808e+62, -2.05474058806592e+209,  2.66091786184218e-31, 7.60217145219392e+304, 2.5782504683336e+236,  7.27451307295011e+140, -2.00238756362496e+53, 8.90186821590748e-60,  5.82740174027081e-304, 0, 0, 0, 0, 0, 0, 0, 0, 0, 0), y1 = c(-1.39015925178531e-42,  -3.06085601804671e-177, -6.04104536892373e+176, -4.95754146449217e+107,  5.07680491984435e-116, 2.93430158339136e+70, 2.07686805326214e+75,  -8.7314859453439e-92, 3.83649683197529e+273, -2.81904126392668e-103,  9.16473969103819e-172, 1.65646633163986e-91, 5.11099000005932e+133,  -1.39721357839811e+306, -1.60095314597543e+265, -1.12181685949766e-204,  -2.65475556890709e+128, 7.15892673535401e-28, 9.1252627249522e-210,  -1.49616623524863e+241, 8.56968128034009e-299, 4.40088237525058e+301,  -1.84717048391087e-218, -4.70474817195359e-219, -3.62343635963312e+72,  -2.56426481225994e+33, 7.65456978075189e-187, -4.08511381843054e+68,  -1.50608502597314e+100, 11.581487500645, 2.4774464303941e-129,  1.71915994258884e-304, -1.52497668351926e-123, -7.55082829929896e-285,  2.79613540784815e-204, 1.20181459499702e+240, 3.91417579789516e+303,  1.81815932406473e+53, 3.46698611897632e-306, 4.37261466002098e+115,  8.2868408064177e-79, 3.47452113539257e-75, -1.05576085035733e+96,  6.57799258182979e+34, 4.15520200026459e-91, -4.27018452433131e+90,  -1.5389888576388e+167, 1.99450591276491e+169, -3.1500891292566e+33,  -5.37616905147658e+288, -4.09420708879637e+265, -2.75775190920812e-291,  -9.49965489308947e-272, 8.5169519689164e+78, -1.24130880060354e+238,  -6.10619926702613e+44, -1.37393942591899e-48, -7.29990498819378e+193,  -5.20088261505991e-186, -1.71127200176992e+243, -2.31950618134312e+195 ), y2 = numeric(0))
result <- do.call(gear:::eucdist2,testlist)
str(result)