testlist <- list(eps = 0, x1 = c(7.74860418548935e-304, 7.74860418548935e-304,  7.75037033786454e-304, 7.74860418548935e-304, 7.74860418548935e-304,  1.27612505739344e-303, 3.54057165645026e-96, 7.74860418548935e-304,  7.74860763489919e-304, 7.74861026956958e-304, 7.74860418548935e-304,  7.74860418548937e-304, 7.74860418548935e-304, 7.74860418548935e-304,  7.74860418548935e-304, 7.74860418548935e-304, 7.74860418548935e-304,  7.74860418548935e-304, 7.74860418548935e-304, 7.74860418548935e-304,  -Inf, 7.74860418548935e-304, 1.3961247739653e-309, 7.74860418548935e-304,  7.74860418538364e-304, 7.74860418548935e-304, 7.74860418548935e-304,  7.74860418548935e-304, 7.74860418548935e-304, 7.74860418548935e-304,  7.74860418548935e-304, 7.74860418548935e-304, -2.56426405047026e+33,  7.62855837841189e-187, 3.54057165645026e-96, -7.14754308125448e-22,  3.19469238205929e-38, 3.32562354192812e+80, -1.04944219310835e-291,  -6.66433666280476e+260, Inf, 9.70815500676051e+204, 4.46572320545082e-23,  -1.13853964838478e+217, 95.7774658203125, 2.00189874311943e-28,  -4651093756334522, 1.65447250389292e-256, -1.79915084361122e+159,  4.55109922540962e-305, Inf, -1.37457749364498e-119, 2.75490388325226e+81,  -8.52200366478582e-284, -7.9700945594356e-175, -7.74871223767381e-132,  4.16882816770762e+216, 1.77638799941844e-103, 0), x2 = c(7.74860418548935e-304,  4.08354876418787e+233, 4.08354876418797e+233, 1.28823029351857e-231,  4.08354876418797e+233, 4.08354876418797e+233, 7.68542141404906e+295,  -1.11522905140252e-201, -4.23622461659101e-174, 1.86373377452527e+105,  2.30856037260635e+42, -1.54804065458757e+82, 8.08103849277118e-317,  0, 0, 0, 0, 0, 0, 0, 0, 0, 0, 0, 0, 0, 0, 0, 0, 0, 0, 0, 0, 0,  0, 0, 0, 0, 0, 0, 0, 0, 0, 0, 0, 0, 0), y1 = c(2.9602748084255e-299,  Inf, 4.13985767078531e-66, -3.29631933444433e+234, 4.37681190669399e-267,  -2.67796808405626e-250, 2.56495177596304e-298, 4.08354876321927e+233,  4.08354876418797e+233, 4.08354876418797e+233, 4.08354876418797e+233,  4.08354876418797e+233, 4.08354876511334e+233, 4.08354876418797e+233,  4.08354876418797e+233, 4.08354876418797e+233, 4.08354876418797e+233,  -Inf, -1.46313876311564e-306, 4.08354876418797e+233, 4.08354876418797e+233,  4.08354876418797e+233, 4.08354876418797e+233, 7.74860721224423e-304,  7.74860418548935e-304, 7.74860418548935e-304, 7.74860418548935e-304,  7.74860418548935e-304, 7.74860418548935e-304, 7.74860418548935e-304,  7.74860418548935e-304, 7.74860418548935e-304, 7.74860418548935e-304,  8.20162226972561e-304, 7.74860418548935e-304, 7.74860418548935e-304,  7.74860418548935e-304, 7.74860418548935e-304, 7.74860418548935e-304,  7.74860418548935e-304, 7.74860418548935e-304, 7.74860418548935e-304,  7.74860418548935e-304, 7.74860418548935e-304, 7.74860418548935e-304,  7.79844583991991e-304, 7.74860418548935e-304, 7.74860418548935e-304,  Inf, 7.74860418548935e-304, 7.74860418548935e-304, 7.74860418548935e-304,  7.74860418548935e-304, 7.748604864528e-304, 7.74860418548935e-304,  7.74860418548935e-304, 7.74860418548935e-304, 7.74860418548935e-304,  7.74860418548935e-304, 7.74860418548935e-304, 7.74860418548935e-304,  7.74860418548935e-304, 7.74860418548935e-304, 0), y2 = numeric(0))
result <- do.call(gear:::eucdist2,testlist)
str(result)