testlist <- list(eps = 0, x1 = Inf, x2 = c(5.43230922486616e-312, -2.17472828339481e-272,  -2.17472828339481e-272, -2.17472828339481e-272, 5.14347528654001e-54,  1.95368284911114e-153, -1.98458128420306e-37, 5.62809778553972e+178,  1.03838521616377e-170, 3.65462100871899e+120, 6.42221267270953e+209,  -3.22024228937911e+177, 1.36755550755227e-215, 1.12953858135411e-280,  4.83345437082506e+176, 5.57168368222029e+269, NaN, 7.75908700577018e-112,  1.17197315732098e-203, -5.39133719781143e-271, 8.94126524325134e-227,  -1.11085304886838e-255, 6.91068252384279e-127, -1.46362894589416e+215,  5.9271754369003e-184, -2.53455991238707e+43, 3.01931086694941e-107,  4.53886020604293e+279, -2.50732863226979e+35, -5.8483504022866e-283,  7.81174865149301e+153, -1.81388628605987e-210, 2.97417034753781e-112,  NaN, -9.34760567492485e+86, -1.73906902172916e+157, -0.000689635302116997,  -6.51980787389465e-92, -4.76277314851699e+115, -8.25434213631398e-109,  -2.81909031965782e+119, -5.58121470784541e+215, -2.27270409270657e-37,  -2.17472828339481e-272, -2.17472828339481e-272, -2.17472828339481e-272,  -2.17472828339481e-272, -2.17472828339481e-272, -2.17472828285682e-272,  -2.17472828339481e-272, -2.17472828339481e-272, -2.17472823381366e-272,  -2.17472828339481e-272, -2.17472828339481e-272, 0), y1 = NaN,      y2 = c(-2.17472828339481e-272, -2.17472828339481e-272, -2.17472828339481e-272,      -2.17472828339481e-272, -2.17472828339481e-272, -2.17472828339481e-272,      -2.17472828339481e-272, -2.17472828339481e-272, -2.17472828339481e-272,      -2.17472828339481e-272, -2.17472828339481e-272, NaN, -2.17472828339481e-272,      -2.17472828339481e-272, -2.17472828339481e-272, -2.17472828339481e-272,      -2.17472828339481e-272, -2.17472828339481e-272, -2.17472828339481e-272,      -2.17472828339481e-272, -2.17472828339481e-272, -2.17472828339481e-272,      -2.17472828339481e-272, -2.17472828339481e-272, -2.17472828339481e-272,      -2.17472828339481e-272, -2.17472828339481e-272, -7.58980170905258e-272,      -2.17472828339481e-272, -2.17472828339481e-272, -2.17472828339481e-272,      -2.17472828339481e-272, -2.17472828339481e-272, -2.17472828339481e-272,      -2.17472828339481e-272, -2.17472828047827e-272, -2.17472828339481e-272,      -2.17472828339481e-272, -2.17472828339481e-272, -1.16567064907794e+85,      -2.13420028701225e+304, 5.43230922486616e-312, -2.17472828339481e-272,      -2.17472828339481e-272, -2.17472828339481e-272, 5.14347528654001e-54,      -2.14378339367438e-272, -2.17472828339481e-272, -2.17472828339481e-272,      -2.17472828339481e-272, -2.17472828339481e-272, -7.08799960324378e-181,      -2.17472828339481e-272, -2.17472828339481e-272, -2.17472828339481e-272,      -2.17472828339481e-272, -2.17472828339481e-272, -2.17472828339481e-272,      -2.17472828339481e-272, -2.17472828339481e-272, -2.17472828339481e-272,      -2.17472828339481e-272, -2.17472828339481e-272, -2.17472828339481e-272,      -2.17472828339481e-272, -2.17472828339481e-272, -2.17472828339481e-272,      -2.17472828339481e-272, -2.17472828339481e-272, -2.17472828339481e-272,      -2.17472828339481e-272, -2.17472828305049e-272, -2.17472828339481e-272,      -2.17472828339481e-272, 1.84764979546722e-307, -2.80316314075799e+114,      3.39496968333142e+134, -1.15744973944717e+282, -4.86507829573234e+261,      -1.12181686509047e-204, 4.83444858402713e-21, 4.44411230227823e-288,      1.74273204902173e-84, 3.6354008294539e-305, -8.42734971739941e-94,      0))
result <- do.call(gear:::eucdist2,testlist)
str(result)