testlist <- list(eps = 0, x1 = c(-9.77719780333789e-292, -9.77719780333789e-292,  -9.77719780333789e-292, -9.77719780333789e-292, -9.77719780333789e-292,  -9.77719780333789e-292, -9.77719780333789e-292, -9.77719780333789e-292,  -9.77719780333789e-292, -9.77719780333789e-292, -9.77719780333789e-292,  -9.77719780333789e-292, -9.77719780333789e-292, -9.77719780333789e-292,  -9.77719780333789e-292, -9.77719780333789e-292, -9.77719780333789e-292,  -9.77719780333789e-292, -9.77719780333789e-292, -9.77719780333789e-292,  Inf), x2 = c(-9.77719780333789e-292, -9.77719780333789e-292,  -9.77719780333789e-292, -9.77719780333789e-292, -9.77719780333789e-292,  -9.77719780333789e-292, -9.77719780333789e-292, -9.77719780333789e-292,  -9.77719780333789e-292, -9.77719780333789e-292, -9.77719780333789e-292,  2.72705584571209e-312, 0, 0, 0, 0, 0, 0, 0, 0, 0, 0, 0, 0, 0,  0, 0, 0, 0, 0, 0, 0, 0, 0, 0, 0, 0, 0, 0, 0, 0, 0, 0, 0, 0, 0,  0, 0, 0, 0, 0, 0, 0, 0, 0, 0, 0, 0, 0, 0, 0, 0, 0, 0, 0, 0, 0,  0, 0, 0, 0, 0), y1 = c(-9.77719780333789e-292, -9.77719780333789e-292,  -9.77719780333789e-292, -9.77719780333789e-292, -9.77719780333789e-292,  -9.77719780333789e-292, -9.77719780333789e-292, -9.77719780333789e-292,  -9.77719780333789e-292, -9.77719780333789e-292, -9.77719780333789e-292,  -9.77719780333789e-292, -9.77719780333789e-292, -9.77719780333789e-292,  -9.77719780333789e-292, -9.77719780333789e-292, -9.77719780333789e-292,  -9.77719780333789e-292, -9.77719780333789e-292, -9.77719780333789e-292,  -9.77719780333789e-292, -9.77719780333789e-292, -9.77719780333789e-292,  -9.77719780333789e-292, -9.77719780333789e-292, -9.77719780333789e-292,  -9.77719780333789e-292, -9.77719780333789e-292, -9.77719780333789e-292,  Inf, -9.77719780333789e-292, -9.77719780333789e-292, -9.77719780333789e-292,  -9.77719780333789e-292, -9.77719780333789e-292, -9.77719780333789e-292,  -9.77719780333789e-292, -9.77719780333789e-292, -9.77719780333789e-292,  -9.77719780333789e-292, -9.77719780333789e-292, -9.77719780333789e-292,  -9.77719780427115e-292, -9.77719780333789e-292, -9.77719780333789e-292,  -9.77719780333789e-292, -9.77719780333789e-292, -9.77719780333789e-292,  -9.77719780333789e-292, -9.77719780333789e-292, -9.77719780333789e-292,  -9.77719780333789e-292, -9.77719780333789e-292, -9.77719780333789e-292,  -9.77719780333789e-292, -9.77719780333789e-292, -9.77719780333789e-292,  -9.77719780333789e-292, -9.77719780333789e-292, -9.77719780333789e-292,  -9.77719780333789e-292, -9.77719780333789e-292, -9.77719780333789e-292,  -9.77719780333789e-292, -9.77719780333789e-292, -9.77719780333789e-292,  -9.77719780333789e-292, -9.77719780333789e-292, -9.77719780333789e-292,  -9.77719780333789e-292, -9.77719780333789e-292, 0), y2 = numeric(0))
result <- do.call(gear:::eucdist2,testlist)
str(result)