testlist <- list(eps = 0, x1 = c(1.4174931883648e-311, -9.2719042391533e-227,  1.11420721003612e+239, Inf, 1.42598040782343e+253, -3.44161647696486e-35,  NA, -Inf), x2 = c(-3.1500891292566e+33, -5.37616905147658e+288,  -4.09420708879637e+265, -2.75775190920812e-291, -9.49965489308947e-272,  8.5169519689164e+78, -1.24130880060354e+238, -6.10619926702613e+44,  Inf, NA, -5.20088261505991e-186, NA, -2.31950618079924e+195,  -1.75388876035548e-182, 4.19929369209027e-140, 7.43715029324572e-218,  4.85117622724671e+20, -7.37401988759011e-188, NaN, 3.76512197955142e+111,  1.28048064067193e-287, -2.72609344082562e+244, -3.57191934071357e+190,  8.45372734799103e+103, -1.41925180467007e+232, -1.46228129790746e-23,  3.63973809400242e+119, -4.4358549164978e+107, 1.53075469251552e+25,  -8.31048472713604e-67, -2.02469334935347e+144, 1.76304263339023e-307,  1.36755557222627e-215, 9.43514262432946e-281, 4.83395786274431e+176,  5.57168368224912e+269, 1.58493226275424e-191, 4.84937237405338e-113,  1.17197315732098e-203, -5.39133719781143e-271, 5.26069093252886e-222,  -1.11085304886838e-255, 6.91068252384279e-127, -1.09523367175045e+61,  5.9271754369003e-184, -2.53455991238707e+43, 3.01931086694941e-107,  4.53886020604293e+279, -2.50732863226979e+35, -5.8483504022866e-283,  4.98471316782431e-262, 9.22197626007745e+159, -8.05928946403299e+257,  -3.34092611734015e+144, -0.00177005750770453, -8.05928946403299e+257,  1.2635865117922e+117, 1.37111655552297e-306, -9.09843453744056e+303,  -3.77795520834047e-107, NaN, -6.42917293634144e+195, 2.07041872966792e+226,  -2.58963531001452e+161, 2.62477117580686e-304, -2.50816721068896e-37,  6.26258116595531e+102, 3.87405184898741e-161, 4.71881834963504e+89,  2.6876181403886e-291, 4.22331475239557e-168, -4.8546869111557e+92,  -1.0053055433713e+296, -2.77107881694565e+188, -1.08849681390826e-200,  7.1617331106164e-239, 5.95896578441858e+286, 2.37512791734671e+148,  0), y1 = c(NA, -4.4791948222859e-283, 7.19900229885465e-63, -8.23459812762193e-125,  -9.46282490277622e+77, -5.8599488671782e-180, 2.46070179202528e+50,  -Inf, -6.37735301759151e+295, 2.55005140002753e+79, 4.14872026638745e+293,  -6.6381368064997e-29, 4.5457995716784e+254, -3.44161647696486e-35,  5.70100839813365e-130, 1.71915994087498e-304, -1.52497668351926e-123,  NA, 2.79613540784815e-204, 1.20181459500138e+240, 3.91417579789516e+303,  1.81815932406473e+53, 3.46698611897632e-306, 4.37261466002098e+115,  NA, NA), y2 = c(-2.05474058806592e+209, 2.66091786184218e-31,  7.60217145219392e+304, 2.5782504683336e+236, 7.27451307295011e+140,  -2.00238756362496e+53, 8.90186821590748e-60, 5.82740174027081e-304,  0, 0, 0, 0, 0, 0, 0, 0, 0, 0, 0, 0, 0, 0, 0, 0, 0, 0, 0, 0, 0,  0, 0, 0, 0, 0, 0, 0, 0, 0, 0, 0, 0, 0, 0, 0, 0, 0, 0, 0, 0, 0,  0, 0, 0, 0, 0, 0, 0, 0, 0, 0, 0, 0, 0, 0))
result <- do.call(gear:::eucdist2,testlist)
str(result)