testlist <- list(eps = -6.08857923029931e+168, x1 = c(1.4174931883648e-311,  -1.63820519046138e-154, -3.30454338512553e-220, 0.00326457501838524,  -4.11828281046168e-243, -1.95893925610339e-77, -7.57690586869615e+160,  1.77288451463919e+81, 7.30351788342879e+245, 6.01869721886868e-230,  9.09252020716592e-172, 1.65646662424464e-91, 2.77067322468006e+114,  6.44719590123194e+27, -1.82639555575468e-07, -4.23728589062758e-119,  -1.19043356885614e+85, 3.31651474200439e-262, 1.82363221083299e-238,  1.45498032865368e+289, 1.11765367033464e-296, 1.4017875760294e+223,  1.62626643530022e-307, 3.01351499841396e+296, 6.74292514273455e-308,  -2.24091044999004e-162, 8.31991587668871e+214, 5.27978528668768e+241,  1.56502361611417e-08, 1.48431441806053e-147, -8.70679849398304e+175,  -3.3266011189287e-96, 2.12289510213857e-311, -3.36784498174258e-13,  2.2635875871777e-97, 7.21805959480524e-153, 3.75658321872677e-307,  4.02052802072923e+77, 9.78597832733247e-295, 1.32515007107773e+304,  1.24295379909437e+193, -1.01766835176553e-176, 2.13081224699167e-306,  4.27034002737428e-225, 1.83700739268036e+295, 44613761389373456,  7.77090039471113e-243, 2.3371709280754e+178, -1.51185219142135e+100,  3.10545173597336, 2.77763139862408e-284, -2.83890368866422e+306,  5.36311565582479e-306, 1.0475738967631e-135, 3.87318359271417e-161,  5.61819425305449e+89, -4.63092757193296e-282, -4.6313541705684e-282,  -3.17646083815596e-282, 1.27089587191487e-187, 3.73363331161934e+150,  -4.31196637403311e-119, -1.81645751176355e+80, 3.31651557487312e-262,  1.82213163461114e-238, 3.32648976647056e-310, -5.44235257994711e+132,  4.82567823345994e+188, -3.10666363722756e-261, -6.2266246691599e+153,  5.22287167994154e+178, 2.82126998681867e+116, -2.73905226456024e+305,  -1.90191522234795e-75, -9.6975775438588e+300), x2 = c(-3.73222386430244e-217,  4.2267355033212e+289, 1.11764112960477e-296, 1.4017875760294e+223,  -1.73609041470531e-96, 9.32978734036009e-307, -2.61143003423123e+264,  -6.12373253756327e-148, 3.28604575866021e-267, 7681559047329534,  5.35549805806797e-126, 1.71756774727369e-136, 4.99036218476435e-251,  -1.37457749363462e-119, 2.75490388325226e+81, -8.52200366556865e-284,  2.33560062745993e-91, 1.53075469251552e+25, -8.16170557967034e-67,  -2.02469334935346e+144, 5.69388911981516e+303, -9.58503425222765e+86,  -4.63135417054298e-282, -1.56718444449812e+82, -4.63135417054298e-282,  -Inf, -6.33640017536323e-92, -1.45763534439834e-284, 1.40099327102388e+172,  Inf, 6.39501900594649e+205, -2.61782571440162e+119, NaN, -8.93987622481481e-231,  -3.18478554037637e-241, -5.38921226715852e+194, -1.97657020697621e-235,  -2.39070038081632e-69, 4.84281520163235e-269, 1.3707105295962e+306,  131072.488567776, -7.84257584340449e-50, -3.67275349314267e-81,  -9.46282486826749e+77, 7.43509846686178e-304, 5.30917806779231e-23,  NaN, NaN, 6.66101211399045e-98, 6.64698108212283e-304, 3.62179715449241e+142,  1.77577702925125e+216, -4.71044179652627e-122, -1.64799460791467e-284,  -4.6313541705684e-282, 0), y1 = c(2.0053245740149e-304, NaN,  9.01909135488289e+279, -5.60747935401584e+108, 1.49030321638333e-156,  6.79352303921358e-308, 1.64198306496323e-167, 4.6451964676254e-266,  4.434414909516e-229, -8.93987622481481e-231, -1.2739142161487e-240,  -5.38921226714148e+194, -1.1273639220635e-147, -1.22905239202987e-223,  -4.52214491989481e-282, -4.6313541705684e-282, -1.03282611375519e-238,  2.25106742712214e-146, 1.18333266372383e-66, -3.29631933735925e+234,  -6.51422120772568e-18, -2.80306883862536e-134, -3.39497687730185e+278,  3.0135153699541e+296, 3.0135153699541e+296, -2.61143003423123e+264,  3.0135153699541e+296, 3.0135153699541e+296, 3.0135153699541e+296,  3.0135153699541e+296, 3.0135153699541e+296, -Inf, 3.0135153699541e+296,  3.0135153699541e+296, 3.0135153699541e+296, 3.0135153699541e+296,  3.0135153699541e+296, 3.0135153699541e+296, NaN, 3.0135153699541e+296,  3.0135153699541e+296, 3.0135153699541e+296, 3.0135153699541e+296,  3.0135153699541e+296, 3.0135153699541e+296, 3.0135153699541e+296,  3.0135153699541e+296, 3.0135153699541e+296, 3.0135153699541e+296,  2.18614704291969e-310, 1.8620133691733e+56, 8.62219790812485e+170,  1.21373262043093e+301, 7.69393357714503e-115, 1.16977348789727e+155,  1.14945314097653e+308, 4.09495312611452e-156, 131072.488488186,  -7.84257979421019e-50, -Inf, 0), y2 = c(2.81184485888464e+191,  -652334.765157289, -1.02990355442076e+66, -1.42121257133928e-42,  8.21615613164832e-154, 7.97396239913044e-35, -3.83382849096896e-269,  -7.66483585671952e+106, -1.01207875459591e-294))
result <- do.call(gear:::eucdist2,testlist)
str(result)