testlist <- list(eps = 0, x1 = c(-1.00976809047168e-294, -1.65923311961602e+139,  -1.25285905000931e-52, 0.00326443011275015, 4.28779574350561e-301,  -8.7718120950229e-92, 3.83649683197529e+273, -2.81904126392668e-103,  1.2979591847538e+265, -2.18015910745342e-106, 0.000842903642093434,  4.35812385084454e+289, 1.11765367033561e-296, 1.4017875760294e+223,  1.62626643530022e-307, 1.46950620900256e+302, -2.8215922697054e-266,  2.96029987165744e-299, 1.60808855383923e-247, -5.10312508495338e-149 ), x2 = c(1.33181753551973e+232, -9.6975775438588e+300, 2.13257877418747e-305,  -2.38884210876876e-10, -2.3724663094759e-177, -2.71145710870518e+174,  -1.04192200691956e+242, -5.09509391528641e+85, 1.06032889860505e-309,  3.58016104788023e+39, -1.07853139561368e-265, 2.3063346479343e-308,  3.43260916331397e-307, -1.47017332151911e-08, -3.7599427311726e-220,  1.40575163184103e-275, -6.51422120768683e-18, -2.80306883862536e-134,  -3.39497687730185e+278, 2.18614704291969e-310, 1.8873133319746e+56,  1.67270177114755e-222, 1.84237121351223e+295, 44798479342839824,  1.00299132065777e-13, -1.7005258953311e-99, -2.99881130655246e+63,  -8.58221484813696e+249, -6.813199350629e-68, 4.91599523505281e-131,  4.06912859027726e-34, 1753402522703236096, -6.70627977278533e+107,  6.55146301040484e+138, -1.13283443684334e+232, -8.58221484812866e+249,  -6.81319954407918e-68, 5.23821059652275e+134, -1.07002243102713e-151,  -7.66433052776074e-108, -1.47387571737655e-29, -9.26916759452804e-30,  2.77067322468e+114, 6.44719590123195e+27, -1.82639555575468e-07,  1.06902766291258e-306, -3.58672533154346e+152, 1.37818525006911e+51,  1.21027935982221e-85, 5.90425319239929e-149, -3.8462022687002e+265,  7.77103810018666e-243, 4.53886020619672e+279, -2.50732863226979e+35,  -2.14999555806421e+70, 2.00809781633454, -4.48274132320775e-302,  -1.37358087659649e-257, -3.52298595615639e-35, 5.34424195681364e-162,  -2.83906709945595e+306, -1.26522665596753e-79, 1.0524444107571e-135,  -4276236286908.59, 0.0690963851519292, 1.44038862406811e+42,  1.64142542941541e+145, 8.1285657897736e-117, 1.44038862406811e+42,  1.64142542941541e+145, 1.0507886262257e-116, NaN, -3.09667342629751e+48,  -1.59537597923192e-89, 3.97314911878724e-307, 2.06874595740914e-314,  0, 0, 0, 0, 0, 0, 0, 0, 0, 0, 0, 0, 0, 0, 0, 0, 0, 0, 0), y1 = c(-5.73506288366044e-147,  9.65542738842736e-306, 22858.2133093206, 7.22024094632458e+59,  -1.24935974989203e-265, 2.96029987165744e-299, 1.6080885541306e-247,  4.13985767078531e-66, -3.29631933735925e+234, -9.49965489310113e-272,  -2.61735060146368e+119, 3.53325888330268e-252, 1.38522984654431e+50,  -3.59101852248236e-23, 7.04782243154175e-127, -3.62343606734638e+72,  -2.56426481225994e+33, 7.62816258558929e-187, -4.73023863808303e+145,  -2.27270409270652e-37, 8.82151305622901e-73, 5.13650527633291e-247,  4.3999148892391e-229, -6.23326766748962e+304, -9.02763655877575e+294,  -7.00844334285907e-271, 4.50680896484835e-172, 6.81325176435052e+62,  -1.97690115678994e+67, -2.93031792015678e+47, 6.79320206237769e+112,  -5.66998131752368e-135, -3.30785572908109e+263, -1.00690656345843e-273,  -5.35234554593566e+45, 1.40019758684806e+91, -1.77066895897366e+55,  -1.43447304931125e-161, -5.06600426499913e+235, 2.47940155521941e+87,  -7.32599068263168e-165, -3.50739948710917e+64, -4.76979944845724e+73,  -9.6975775438588e+300, 2.13257877418747e-305, -2.38884210876876e-10,  -2.3724663094759e-177, -2.71145710870518e+174, -1.04192200691956e+242,  -5.09509391528641e+85, 1.06032889860505e-309, 3.58016104788023e+39,  5.13650527633291e-247, 4.3999148892391e-229, -6.23326766748962e+304,  -9.02763655877575e+294, -7.00844334285907e-271, 4.50680896484835e-172,  6.81325176435052e+62, -1.97690115678994e+67, -2.93031792015678e+47,  6.79320206237769e+112, -5.66998131752368e-135, -3.30785572908108e+263,  -1.00690656345843e-273, -5.35234554593566e+45, 1.40019758684806e+91,  -1.77066895897366e+55, -1.43447304931125e-161, -5.06600426499913e+235,  2.47940155521941e+87), y2 = numeric(0))
result <- do.call(gear:::eucdist2,testlist)
str(result)