testlist <- list(eps = 0, x1 = c(-8.87616861339996e-227, -1.55160090365867e-176,  -2.93930950179111e-134, 6.13687635285534e-292, -1.24232038226264e+298,  9.33276742861576e+198, 2.02677474347399e+186, 5.15456312797978e-306,  -3.67449987014083e-12, -9.902213235049e-18, -1.76577074250767e-177,  -2.97882422478468e-40, -1.0290113579972e-226, -1.63843288079929e+253,  2.13805114296041e-197, 2.45953366592276e-25, 2.12519421359188e-185,  8.53611777699746e+52, 4.38434424108059e-193, 1.30375399624945e+94,  2.13652682609771e-128), x2 = c(-2.8216029435452e-266, 2.96029987165744e-299,  1.60808855383923e-247, 4.13985767078531e-66, -3.29631933735925e+234,  4.37491902319613e-267, -6.74413220163219e+150, 1.89143448061817e+41,  -2.61194422921664e-89, 5.15711505335095e-257, 2.33563339919143e-91,  1.85704845838321e-183, 9.01285756841504e-188, 9.01285756841504e-188,  -3.18478554037161e-241, -5.38927074570649e+194, -7.15089883941667e-236,  -1.15323346611215e-72, -6.88626913340724e-75, 2.35795593266996e-207,  -8.528397557263e+127, -332212015565474240, 4.41203826270548e-304,  -1.76854320970687e-307, 2.11376771132216e+86, 5.2959896509674e-312 ), y1 = c(-2.08386813770465e-130, 15866654.4999203, 1.51396861418304e-154,  -5.44232821066057e+132, 4.82569682328969e+188, -2.09042954741804e-261,  7.92745894954329e-290, 1.27320525304778e-212, -2.21860575208482e+130,  1.07953203534008e+180, 7.88378939024492e-27, 7.61320537655064e+216,  -2.44363755756201e-87, -1.09523367112536e+61, 2.06024613915802e-310,  -2.53455991236457e+43, 7.00791057090176e+196, 2.46070325593006e+50,  -2.82126998683104e+116, -2.73905226456024e+305, 2.55005140002753e+79,  1.09257321267962e-309, 1.32515007107717e+304, 1.24295379909474e+193,  -1.01766835177128e-176, -8.61568117807543e-244, 1.63920632895006e+68,  3.12377786073991e-115, 9.8820258034891e-217, -8.30912394988109e-104,  -3.62627129016487e+265, -7.14754307476965e-22, -6.52900827607242e-292,  -4.06983303012688e+236, 5.87806792977362e-306, 3.66188098202704e+275,  -4.75815615396415e+152, 1.49037312922362e-109, 3.87566544898956e-101,  -10838.0762448894, -4.79027837969332e-131, 7.68947266797683e-207,  -7.8390706724114e+170, -2.61576140768399e+162, 8.00395602134286e-211,  -4.17771733565556e-176, -8.51488189673236e-109, 7.73647877539157e+88,  1.60444741681495e+147, 1.16288303558189e-22, 2.28266818977592e-308,  4.18553807150408e-79, 2.69923085153641e+263, -3.08567057615928e-183,  4.45453526172587e-140, 3.56931539427146e-217, 4.8511762272467e+20,  -7.37401988759011e-188, NaN, 3.76512197955142e+111, 1.28048064067193e-287,  -2.72609344082562e+244, -3.57191934071357e+190, 8.45372734799103e+103,  -1.41925180467007e+232, 1.19347555894287e-119, 2.97176854710737e-99,  7.6910318435684e+186, -1.65959476245046e-60, 2.30020371115652e-101,  1.06494735426576e-307, -1.34248959975439, -3.77133744814312e+264,  526188584.776908, -1.68064395986298e+112, 1.61337657345915e-109,  -5.63454218860468e+303, 1.29364284330915e+241, 3.25034549397748e-233,  -1.11814610338395e-218, 5.28736667283445e+202, -2.86439499564374e+79,  4.91599523387209e-131, 4.06912859027726e-34, -6.00924760217973e+277 ), y2 = numeric(0))
result <- do.call(gear:::eucdist2,testlist)
str(result)