testlist <- list(kns = c(-3.98812066807329e-16, -3.98809525708488e-16, -3.98809383433422e-16,  -2.97440641279233e-170, -7.40367108235947e-171, -7.4036710823663e-171,  -7.40356842363591e-171, -7.4036710823663e-171, -7.4036710823663e-171,  -7.4036710823663e-171, -1.34328530637094e-172, -7.4036710823663e-171,  -7.4036710823663e-171, -7.40367108236627e-171, -7.4036710823663e-171,  -7.4036710823663e-171, -7.4036710823663e-171, -7.40367107682348e-171,  4.78275752007036e-91, 4.47593815953616e-91, 4.47593815953616e-91,  4.47593815953616e-91, 4.47593815953616e-91, -8.96869655912304e-44,  4.93641230367925e-299, 4.68365908549957e-230, 1.63408994387246e+69,  1.63409001457775e+69, 1.63408994387247e+69, 1.63408994387247e+69,  1.63408994387247e+69, 1.63408994387247e+69, 1.63408994387247e+69,  1.63408994387247e+69, 1.63408994387247e+69, 1.63408994387247e+69,  1.63408994387247e+69, 1.63408994387247e+69, 1.63408994387247e+69,  1.63408994387247e+69, -1.17248643009698e-117, -3.59132615598363e+269,  143281615454.004, 2.27014891404029e-88, -3.9881312572826e-16,  -3.98809521572585e-16, 2.2254743581677e-308, -3.98809525708478e-16,  -1.76090676987084e-85, 4.51107263668132e+131, -5.18486817656007e-135,  -2.14683131520481e-117, 4.07331383447214e-146, 3.03023320002712e-250,  -1.17185701487506e-117, -1.17256459974107e-117, 1.87647356120487e-221,  1.39064998549153e-309, -1.0802496466013e+207, -1.08010824397043e+207,  -1.0802496466013e+207, -7.40367108236637e-171, -7.4036710823663e-171,  -1.08024964660129e+207, -1.0802496466013e+207, -1.0802496466013e+207,  4.47638231292586e-91, 4.47593815953616e-91, 4.78275650111727e-91,  8.11497524867332e-308, 4.47593815953616e-91, 4.47593815953616e-91,  4.47593815953616e-91, -8.96869655912304e-44, 4.93641230368088e-299,  -1.05059302238827e+207, -1.0802496466013e+207, 7.48243238566844e+107,  1.50261096982055e-125, -1.17255401062239e-117, 5.63443350317915e+32,  6.88334893029057e+126, -5.18486817656007e-135, 6.48144741908991e-13,  3.3375204664261e-125, 1.01096638724286e-173, 4.12397353155283e-312,  0, 0, 0, 0, 0), order = 0L, xs = c(NaN, -4.04965308010362e+176,  -1.14048631737079e-117, -9.69966705536295e-142, -1.17255401062196e-117,  -1.00554669771047e+256, -4.25675962862909e-308, -3.36899431700574e+222,  NA, 4.73858391176612e-228, 3.94664100897472e+174, -5.48612409009084e+303,  1.23806088498811e-90, 4.47593815953616e-91, NA, 4.47593815953616e-91,  4.47593815953616e-91, 4.47593815953616e-91, 4.47593815953616e-91,  4.47593815953616e-91, 4.47593817782396e-91, 4.47593815953616e-91,  NA, 4.47593815953616e-91, 4.47593815953616e-91, 4.89779460283723e+199,  4.2483798097565e-314, -1.1401034043826e-117, -1.40174649366963e+182,  0))
result <- do.call(ibs:::bsbasesCpp,testlist)
str(result)