testlist <- list(dcm = c(NaN, -4.53801331232498e+279, NaN, NaN, NaN, 7.29111854314499e-304,  -5.49014222607064e+303, 5.01061932843203e-52, 2.21420180746245e-52,  4.17201348470126e-309, 0, 7.29112201955619e-304, NaN, NaN, 1.61390902488194e-283,  NaN, NaN, NA, NaN, NA, NaN, NA, NaN, 2.18723326666281e-284, 7.7642274211023e+47,  NaN, NaN, 2.56734752865736e-289, NaN, -48512951932529139712,  1.30310834366642e-284, 1.76527918891151e-284, 9.66780003044554e-304,  6.95337700869563e-309, NaN, NaN, NaN, NaN, NaN, NaN, NaN, 6.4757678266058e-319,  3.79442416006077e-321, NaN, NaN, 3.23790861658519e-319, NaN,  -4.66320545847463e+304, -5.04975683349983e-195, 0), oldknots = 1.14587740711987e-312,      restmp = c(NaN, NaN, NaN, NaN, NaN, NaN, -5.48614507876668e+303,      NaN, NaN, NaN, NaN, -1.49222574148015e+306, 1.65780916228505e-316,      9.71372584975558e-319, NaN, 8.28904556439245e-317, 8.28904754065503e-317,      8.81442564756154e-280, 2.77614277195408e-309, 4.63500115084725e-299,      5.04198814890928e-259, 1.39111639125971e-308, 1.78334428000539e-284,      1.496079406203e-297, 1.11253608386151e-307, 5.64373808715169e-289,      2.18144495932078e-311, NaN, NaN, 7.2911220195564e-304, 1.0480987740143e-303,      NaN, 2.13369617280873e-260, 6.98594966318423e-309, NaN, 1.01021714960745e+141,      1.17972543424402e-307, 6.45289484058158e-307, NaN, NaN, NaN,      NaN, 1.13195988485334e-72, -5.04975683352008e-195, 1.91732055181613e-319,      0, 0, 0, NaN, 1.49715511540654e-308, -8.92164332904644e+303,      2.18723198401465e-284, 5.64275643311392e-289, 2.18144495932078e-311,      9.12488123516107e+194, 8.90874679343703e+194, 8.90874679343703e+194,      8.90874679343703e+194, 6.61191716140486e-280, 2.72849703436653e-311,      -2.41785164265094e+24, NaN, 2.06364123049965e-312, NaN, -2.95216688049099e+307,      2.48639704259307e-256, NaN, -9.24714564467068e+303, 5.09089442095577e-259,      1.49607989519643e-297, 1.01486052938417e-304, 1.12103467550014e-43,      1.10639253669058e+74), tol = 0, wht = c(1.10639263364612e+74,      NaN, 8.34400574944441e-309, -8.92170098288889e+303, NaN,      3.01138100016392e-317, NaN, NaN, NaN, NaN, -4.74001119531512e+306,      2.69360227585206e-289, NaN, NaN, NaN, NaN, 3.13151306251402e-294,      NaN, 2.52467545024877e-321, 1.48219693752374e-323, NaN, 1.90884614477537e+159,      -3.57187393595613e+304, NaN, NaN, -5.486125397225e+303, -7.21527106320499e+303     ), x = c(NaN, NaN, NaN, NaN, NaN, NaN, 4.17201348469974e-309,      NA, 2.21411770341097e-52, NA, -5.04975683349975e-195, -5.04975683349975e-195,      NaN, NaN, NA, NaN, 4.63538555219795e-299, NaN))
result <- do.call(GeDS:::Knotnewtest,testlist)
str(result)