testlist <- list(dcm = c(NaN, NaN, NaN, Inf, NaN), oldknots = c(NaN, -5.50054349659216e+303,  6.60129474736753e+38, -7.21395795994667e+303, -3.17933558741205e+24,  -7.20053794247905e+303, NaN, NaN, 3.47306054607043e-164, NaN,  NaN, -5.49014222607064e+303, 4.7783097223211e-299, 4.172013484701e-309,  0, 7.29112201955619e-304, 7.29114287962382e-304, NaN, NaN, NaN,  NaN, -5.48614507876668e+303, NaN, 2.72002186994773e-260, 3.23785921002061e-319,  0, 0, 0, 0, 0, 0, 0, 0, 0, 0, 0, 0, 0, 0, 0, 0, 0, 0, 0, 0, 0,  0, 0, 0, 0, 0, 0, 0, 0), restmp = c(2.17292368994844e-311, 1.76527918752198e-284,  -2.9754832649203e+284, -49137062400263577600, 1.10648527833922e+74,  1.09613482621439e+74, 2.33694145411157e-260, 1.54777155413207e-283,  1.10639270250196e+74, 3.1857964446208e-58, NaN, NaN, 2.18723198902505e-284,  -1.27760716055021e+111, NaN, 4.8076467139057e-315, 7.2911220199808e-304,  4.172013484701e-309, 0, 2.13607642080665e-260, 2.78132127244285e-309,  1.10639307319904e+74, 2.71403269143377e-311, 0, 0, NaN, 1.49715511540654e-308,  -8.92164332904644e+303, 2.18723198401465e-284, 5.64275643311392e-289,  2.18144495932078e-311, 4.59177480785763e-39, -1.61248158863561e+82,  7.67650481185188e-307, NaN, 2.125, NaN, -6.92362010904221e+274,  2.46274635386527e-242, 8.30987219517939e-246, 8.30987219517939e-246,  8.30987219517939e-246, 5.54103477328431e-05, 1.46156812274493e-309,  8.30987219517939e-246, 8.30428538918795e-246, 8.30987219517939e-246,  NaN, -2.46006311446272e+260, NaN, NaN, NaN, NaN, 3.36803171942003e-310,  NaN, NaN, NaN, NaN, NaN, NaN, NaN, -7.19919845493176e+303, 3.53369740740185e+72,  NaN, NaN, 1.849340101193e-284, -2.97548326717075e+284, 1.0954451801626e+74,  1.95399371029867e+77, 1.3037716808374e-284, 2.13607648139832e-260,  4.63526707146514e-299, 1.10639270315772e+74, 1.95399371030635e+77,  1.3037716808374e-284, -5.48921778727228e+303, 1.04809877401426e-303,  NaN, 2.13369617280873e-260, 6.98594966318423e-309, NaN, 1.01021714960745e+141,  1.17972543424402e-307, 1.12906819183493e-312, 9.71372584975558e-319,  NaN, -2.94934030775465e+307), tol = 0, wht = c(1.17627148961884e-319,  9.91823874947365e-130, NaN, NaN, NaN, NaN, 2.56734945514981e-289,  NaN, NaN, NaN, NaN, NaN, 2.52467545024877e-321, NaN, -5.04975816549571e-195,  -7.21472482435059e+303, 3.21217770259948e-309, 8.81442566334011e-280,  NaN, 2.66967105456736e-307, 1.30377149547815e-284, -2.95210480013173e+307,  4.63526707146514e-299, 1.10639270315772e+74, 6.95337694838829e-309,  1.89541252185911e-302, NaN, 1.12780552972676e+45, -49137052876697886720,  1.3449810324077e-284, -2.97496977178474e+284, NaN, 1.39541447210884e+45,  NaN, 1.39067116125588e-309, NaN, 1.10634994143918e+74, 3.80049452641601e-311,  8.28904754065503e-317, NaN, 1.13195988485334e-72, Inf, 4.63712781615212e+72,  5.5961089275544e-275, 0), x = NaN)
result <- do.call(GeDS:::Knotnewtest,testlist)
str(result)