testlist <- list(dcm = c(NaN, NaN, 7.29111854314499e-304, -5.49014222607064e+303,  5.01061932843203e-52, 2.21420180746245e-52, -5.04975683347028e-195,  -5.04975683349975e-195, -5.04975683349975e-195, NaN, 8.81442566340249e-280,  2.77614277195408e-309, 4.63500115084725e-299, 5.04198814890928e-259,  4.4522969270938e-312, NaN, NaN, 1.52919508824644e-308, 1.78334428000539e-284,  1.496079406203e-297, 1.11253608386151e-307, NaN, NaN, NaN, NaN,  7.29111855645927e-304, NaN, NaN, 1.32569325379707e-48, 2.22186458052734e-52,  2.2142021359939e-52, NaN, 0, 1.390671161567e-309, -Inf, 0), oldknots = -4.97652350372674e-195,      restmp = c(NaN, Inf, NaN, 3.23785921002061e-319, 0, 0, 7.29112201950335e-304,      0, 0, 1.390671161567e-309, 1.42903554777131e-284, NaN, NaN,      -5.05009782446589e-195, 1.30377149547815e-284, 3.79212805403165e+146,      3.79212874880738e+146, 3.79212874880738e+146, 3.79212874872016e+146,      3.79212874880738e+146, 3.79212874880738e+146, 3.79212874880738e+146,      3.79212874880738e+146, -5.04956993856625e-195, 4.63712781615212e+72,      5.5961089275544e-275, 2.13647338724798e-260, 3.79243481037184e+146,      3.79212874880738e+146, 3.79212874880738e+146, 2.13369617279388e-260,      NA, 2.18723198720486e-284, 8.30987219517957e-246, 8.30987219517939e-246,      8.30987219517939e-246, 8.30987219517939e-246, 1.62597454369523e-260,      8.30987197586246e-246, 6.87376517264586e-270, 8.30987219517939e-246,      NaN, NaN, 6.87376517269814e-270, 8.30987219517939e-246, 8.30987219517939e-246,      6.87376517264586e-270, -3.17934480930222e+24, 8.30987219517939e-246,      8.30987219517939e-246, 8.30987219517939e-246, 8.30987219517939e-246,      NaN, -6.74134924324234e+307, 6.87959727960157e-246, 8.30987219517939e-246,      NaN, 5.54103477328448e-05, NaN, 4.75497813624796e-299, 8.30428518379041e-246,      8.30987219517939e-246, NaN, NaN, 8.30428538918795e-246, 8.30987219517939e-246,      8.30987219517939e-246, 8.30428538918795e-246, 8.30987219517939e-246,      1.57813908775863e-310, NaN, NaN, NaN, NaN, NaN, NaN, -7.19919845493176e+303,      3.53369740740185e+72, NaN, NA, 1.49715511540654e-308, -8.92164332904644e+303,      -48512951795090776064, 1.30310834366642e-284, 1.87487174281699e-101,      2.5673476661214e-289, -7.19919845485332e+303, -1.12397206062443e+270,      6.98495240797834e-309, 8.0610972918505e-315, NaN, 5.2829215500917e-310,      -5.82900681838311e+303, -3.19643567215628e+24, -1.456835443706e+144,      0), tol = 2.23536100288587e-284, wht = c(0, 0, 0, 0, 0, -6.51476709971688e+303,      NaN, NaN, NaN, 8.81334968372353e-280, 2.13807055111723e-260,      NaN), x = c(1.10639253610627e+74, 3.1857964446208e-58, NaN,      -48512951931994365952))
result <- do.call(GeDS:::Knotnewtest,testlist)
str(result)