testlist <- list(coef = c(-3.22178304269564e-159, 6.99547211476976e-50, -1.15261897385911e+41,  -2.40065419046455e+231, -4.0826884167278e-277, -3.91881664584645e-291,  1.05691417767735e+254, -1.44288984971022e+71, 2.64999335903413e+60,  1.33332890631263e+190, -1.63207659980175e+216, -4.8251257428622e-113,  1.96004004611293e-183, 3.94433956184126e-132, -7.00861543724363e-295,  2.44793559480123e+306, -6.87353716589742e-83, 179.214603488924,  -6.67707850404722e+133, -3.72766626691069e-121, -1.71175259942708e+22,  4.9577403825233e-234, -1.48391898309377e+200, 1.38864621180619e+149,  4.02618724953058e-308, 1.51340305008816e-314, 0, 0, 0, 0, 0,  0, 0, 0, 0, 0, 0, 0, 0, 0, 0, 0, 0, 0, 0, 0, 0, 0, 0, 0, 0, 0,  0, 0, 0, 0, 0, 0, 0, 0, 0, 0, 0, 0, 0, 0, 0, 0, 0, 0, 0, 0, 0,  0, 0, 0, 0, 0, 0, 0, 0, 0, 0, 0, 0, 0, 0, 0, 0, 0, 0), kns = c(1.16709960849972e+270,  4.39593252879334e+192, 2.57168024884999e-272, 2.44586922973588e+303,  9.73909201498536e-95, 5.23632232787025e-308, 5.597538611828e-308,  -6.93344245700843e-248, -2.62975876236931e+162, -3.32959032548621e+280,  -1.56666102485364e+97, 594964845256273, -4.11038447137858e-20,  6.75615733232711e-173, 32.9533300605804, 1.37231535379312e+111,  -9.23701936286083e+94, 1.28266826698235e-289, -3.34596687560736e-84,  4.53842569038477e-308, 9.23217661253899e-35, 1.25089395940603e-164,  3.00649143404508e+211, 1.88125625093574e+20, -7.31723994410656e-305,  1.90228170681107e+195, 5.00034290854266e-152, 4.46390936931362e+256,  -4.91131811870888e-57, 1.71875486715696e+93, 1.78576727632862e-245,  1.71902658051716e-30, -1.10381257847489e+193, 6.67012282318385e-292,  3.68129218119898e-164, 1.91893503469982e+299, -8.60615270945846e-51,  4.13712539967838e+135, -1.78212289379124e-62, 4.33601446171992e+43,  -1.09181290363428e+158, 3.55262942202735e-157, 2.63676824103131e+59,  2.48695647405333e-267, -1.96893208756045e+208, 1.10818199142729e-09,  8.04897751047342e-308, 60987034922.9973, 4.85097869427003e-135 ), ord = -1779811513L, xs = c(8.02369048479789e-310, 1.71126955991348e+82,  2.07944134393368e-53, -2.96546555828404e-180, 3.80621398818482e-31,  -1.43950063137692e+163, 7.38405102616145e-82, -6.64565689674751e-307,  6.10289917448271e+246, 4.57331068724728e+279, -2.12701944032212e-103,  -2.48365369446431e-141, 1.49559805076608e-65, 4.09579152296795e-306,  1.31769942912323e-250, -8.64865509940703e+71, -4.46670521199089e+201,  9.00615500147594e-100, -1.78814205031912e-259, -9.06592341413502e-295,  2.64833988549577e-81))
result <- do.call(ibs:::bsplineCpp,testlist)
str(result)