testlist <- list(eps = 0, x1 = c(7.25278931441114e-317, NaN, -2.92361968197941e-135,  1.82263187485302e-304, -8.91495161178974e+303, NaN, -1.10310829333307e-146,  NaN, 1.62597454369523e-260, 5.47433184509404e-312, Inf, NaN,  NaN, NaN, -2.85663100745331e+47, -2.56256323389103e+206, NaN,  4.65369789241052e+226, 4.68789980514683e-299, NaN, 562399978455040,  NaN, -1.10319861958698e-146, -1.10310852891461e-146, 1.269748709812e-321,  NaN, 8.2994115684503e-301, 4.94065645841247e-324, NaN, NaN, NaN,  NaN, NaN, NaN, NaN, NaN, 1.35479588138009e-285, -2.09751476444175e-257,  NaN, NaN, Inf, NaN, NaN, -6.67021948088919e+305, 562399939822807,  0), x2 = c(-6.28544601822289e-145, NaN, -2.90652058481609e+47,  -1.65227190305483e-134, NaN, 1.5180783886641e+180, NaN, 8.10452258049264e+177,  NaN, 8.81045534119507e+252, 2.92823805820553e+90, NaN, 1.33282409102303e-105,  3.24142937420415e+178, 7.22875525221597e+221, NaN, -2.94535474363103e+47,  NaN, NaN, NaN, NaN, NaN, 7.22947573429345e+221, 1.65780224536601e-316,  0, -8.96831017167883e-44, -3.63055985737622e+307, -3.83977366759746e+304,  6.4757678266058e-319, -5.48612406879369e+303, -4.02873308493385e-45,  -2.90368206753809e+48, -1.54516581761463e+307, NaN, -3.55445977580027e+307,  -7.36621489838965e+45, -4.93791003037e+202, -2.43695543876405e+304,  1.25055195447541e+113, -8.9689321727784e+303, 1.43817346338669e+177,  -4.608344217736e+305, -1.80331613628623e-130, NaN, 4.77830972670321e-299,  -5.48612406879369e+303, 2.781342323134e-309, NaN, -1.59509057300176e+307,  -2.96858085899674e+47, -2.429112097451e+304, 1.49401453949371e-114,  NaN, 4.94065645841247e-324, -2.30381884589942e+305, 1.10176639022598e-321,  -3.62182188178691e+307, NaN, NaN, NaN, NaN, 1.03844995190497e-149,  8.8657593914409e-287, -2.9278835978634e+47, -8.87277510343978e-45,  7.11524542670341e-304, 0, 4.75318768130163e-312, 0, 0, 0, 0,  0, 0, 0, 0, 0, 0, 0, 0, 0, 0, 0, 0, 0, 0, 0, 0, 0, 0, 0, 0, 0,  0, 0, 0, 0, 0, 0), y1 = c(NaN, 5.77662200276745e-275, 562399978455040,  NaN, 5.46695743233128e-312, NaN, NaN, 7.06327445644526e-304,  -8.96831017167857e-44, -3.63055985737622e+307, 2.87015906113782e+204,  1.27741322649475e+238, 3.63054277108982e+228, 2.06541523075423e-27,  -5.14187998654721e+305, 6.46572228149075e+170, 3.06950257168587e+257,  1.06399914350748e+248, NaN, 1.32265066869303e+74, 4.93597035100886e+169,  3.2281567185106e-115, 8.76431881444561e+252, 7.35876460944816e+223,  2.87033111625609e+204, 1.27741322649475e+238, 3.63054277108982e+228,  2.06541523075423e-27, 1.1076641767647e-123, -2.93598843063531e+47,  1.06559867695611e-255, -1.10310852704088e-146, -2.87261758313756e+47,  -2.94449930047806e+47, NaN, -2.87937777126051e+47, -4.60834421777586e+305,  NaN, NaN, 7.07306478142269e-304, 3.09829366178649e+227, 2.68373951811741e+199,  1.1241466614968e+79, 3.63372088259588e+228), y2 = numeric(0))
result <- do.call(gear:::eucdist2,testlist)
str(result)