testlist <- list(eps = 0, x1 = c(NaN, NaN, NaN, NaN, NaN, -6.92446207850139e+274,  NaN, NaN, NaN, NaN, NaN, -1.36055876906083e+306, NaN, NaN, NaN,  NaN, NaN, -5.82900592384748e+303, -4.02873308493385e-45, -2.90368206753809e+48,  -1.54516581761463e+307, NaN, -3.55445977580027e+307, NaN, NA,  5.00583700775283e-146, 3.91910664852587e+202, 9.8788014009927e-260,  -3.99132450255383e-45, NaN, NaN, NaN, NaN, NaN, NaN, NaN, NaN,  NaN, NaN, NaN, NaN, 0), x2 = c(7.53026505001459e+253, 1.35486413589737e-285,  7.34470806528311e-305, -1.10310887857339e-146, -1.10310852891461e-146,  -6.17107796709536e+303, 1.10176639022598e-321, 5.32548155225042e-312,  3.24142882807941e+178, 1.85673029108726e-314, -1.25581006001208e+45,  7.29112201148158e-304, 7.07306478142262e-304, -2.90651978696444e+47,  -1.65227190305483e-134, -6.2572802348822e-146, NaN, 5.16449975617382e+120,  5.36938360379646e+169, 1.39065959427815e-309), y1 = c(1.09728435496433e+248,  NaN, NaN, NaN, -2.9686752008284e+47, -3.97863833076258e-45, -6.52526051005932e+304,  3.46736333382486e-259, -1.1031088785734e-146, -1.10310852891461e-146,  -6.17107796709536e+303, 5.3779861326334e-310, 5.32548155225042e-312,  3.24142882807941e+178, 1.85672468838284e-314, -1.25581038700217e+45,  7.80894444218083e-312, -8.52749409943119e+305, 2.52467545024877e-321,  NaN, NaN, -2.96858085900432e+47, NaN, 4.94065645841247e-324,  NaN, NaN, 4.30352314644664e+95, NaN, 1.390671161567e-309, NaN,  1.35479588138009e-285, -1.0786741540699e-256, NaN, 6.17150302988111e+223,  -1.80310473917692e-130, 4.68773283335055e-299, -5.82819586687203e+303,  -7.36621489838965e+45, 1.0655986769561e-255, 1.08646184497373e-311,  NaN, 4.24399158143648e-314, NaN, -8.96799677331179e-44, -1.76516986000529e+45,  1.25038881219627e+113, -8.9689321727784e+303, -2.6815603172981e+154,  NaN, NaN, NaN, -2.9686752008284e+47, -3.97863833076258e-45, -6.52526051005932e+304,  1.68048229407121e+117, 61106403249.5631, 5.94060865772006e-40,  1.09617609205867e-309, -3.2911596148751e+304, NaN, 1.53191329647949e-94,  -2.65177373145661e+154, NaN, 1.06559867695611e-255, 8.10354099379978e+177,  1.85671419047599e-314, 1.27333124320445e-308, NaN, -1.68285645152337e-108,  1.39075638567264e-308, 0, 0, 1.72723371100632e-77, -2.90652008606316e+47,  -2.94459039599436e+47, -9.06414253679007e+303, -2.92788248936927e+47,  -1.60011786447898e+307, 3.91910664851563e+202, 9.8788014009927e-260 ), y2 = c(0, 0, 0, 0, 0, 0, 0, 0, 0, 0, 0, 0, 0, 0, 0, 0, 0,  0, 0, 0, 0, 0, 0, 0, 0, 0, 0, 0, 0, 0, 0, 0, 0, 0, 0, 0, 0, 0,  0, 0, 0, 0, 0, 0, 0, 0, 0, 0, 0, 0, 0, 0, 0, 0, 0, 0, 0, 0, 0,  0, 0, 0, 0, 0, 0, 0, 0, 0, 0, 0, 0, 0, 0, 0, 0, 0, 0, 0, 0, 0,  0, 0, 0, 0, 0, 0, 0))
result <- do.call(gear:::eucdist2,testlist)
str(result)