testlist <- list(eps = 1.5319122082349e-94, x1 = NaN, x2 = c(3.82808258546369e+228,  3.13667399521747e+151, 1.71328773515816e+161, 1.67753222565248e-307,  1.53191329647951e-94, 1.06399912721864e+248, 5.77803229264698e-275,  NaN, -4.60834101318327e+305, 7.25278931441114e-317, -4.60834100063263e+305,  7.25278931441114e-317, NaN, -2.92361968197941e-135, NaN, NaN,  NaN, NaN, NaN, NaN, NaN, NaN, NaN, -2.62558583239983e+154, 1.62597454369523e-260,  NaN, -1.10304822003965e-146, -6.17107796709536e+303, 1.10176639022598e-321,  -5.48743711520831e+303, -6.67021948088919e+305, 3.45845952088873e-323,  -5.68502944767448e+43, -9.13482025314687e+303, 1.62597454370457e-260,  2.84809720162951e-306, -1.69253572306593e+266, 3.62475647461927e+228,  7.29036818418297e-304, 1.25859237232634e-120, -2.9236196820132e-135,  NaN, 2.63554948580758e-82, NaN, -6.4035376497497e-145, -1.10310852891461e-146,  8.34186809885192e-317, 4.91352217262898e+169, 5.7297570356368e+194,  -4.60834100525307e+305, -1.10310852891461e-146, -2.59829679838437e+154,  4.75318832811261e-312, NaN, 2.52467545024877e-321, NaN, 4.94065645841247e-324 ), y1 = c(-Inf, NaN, NaN, NaN, NaN, NaN, 7.69813737328607e+253,  1.35486413589737e-285, NaN, NaN, NaN, NaN, -2.43695570970788e+304,  1.25055195447541e+113, -8.9689321727784e+303, 4.68789980712306e-299,  -2.92300326921729e+48, NaN, -8.96830758034992e-44, -3.63055985737622e+307,  -1.45366398365558e-48, NaN, NaN, 3.5332627704358e+72, NaN, NA,  NaN, -1.10310852891461e-146, 2.13551831285066e-314, NaN, 3.32653112500637e-111,  4.87620583420841e-153, 9.27180688698099e+25, NaN, NaN, NaN, NaN,  NaN, NaN, NaN, NaN, NaN, 5.43230922486616e-312, NaN, 2, NaN,  NaN, -2.23749470410157e+304, 2.28157816350452e-310, -3.62182188178691e+307,  -2.92361968197938e-135, -6.17107862109524e+303, 1.10176639022598e-321,  -6.17107862109494e+303, 1.10176639022598e-321, 5.07588366665387e-116,  -2.89017797152614e+48, -2.37000478676263e+306, NaN, -1.76516985961378e+45,  NaN, NaN, 7.54792484964308e+168, NaN, 7.07233815574077e-304,  -1.10310852891458e-146, 5.48645379707253e-310, 4.30338564796694e+95,  -2.94449581598465e+47, -7.54779990558419e-131, NaN, 4.34464046051575e-311,  NaN, NaN, -8.96799677331179e-44, -2.15682662880762e+284, NaN,  NaN, NaN, NaN, NaN, NaN, NaN, NaN, NaN, NaN, -7.2911220195564e-304,  562399978455040, -8.96765772328442e-44, 8.27907741633434e-114,  3.65879627255158e+233, 2.44047694750493e-152, 2.18178576370807e+243,  -8.60384441489201e-48, -6.17107862109494e+303, NaN), y2 = -8.96799677331179e-44)
result <- do.call(gear:::eucdist2,testlist)
str(result)