testlist <- list(eps = 0, x1 = c(NaN, 1.21681621199793e-309, 1.09796792623586e-72,  3.17422355483626e-319, NaN, 2.31584178474644e+77, 7.9142779686275e-308,  -4.60834100063263e+305, 4.93592726804753e+169, 5.7297570356368e+194,  NA, 2.10345434270727e-312, 7.53134397651698e+58, 8.90390234490117e+252,  9.07652358545815e+223, 1.39065318873114e-309, -3.15987888259231e+304,  -7.02361033907312e+306, 3.5332627704358e+72, -4.25174615331511e+304,  NaN, -1.12616792237004e-146, -1.10310852891461e-146, 3.25851115401677e-319,  3.13659808382014e+151, 1.71328773515816e+161, -6.28544601823335e-145,  -1.10310852891461e-146, 8.10353957836523e+177, 1.85671419047599e-314,  -2.1579157524983e+284, 2.64220863350475e-260, 1.82263187485302e-304,  1.16694834347967e-161, -1.10319804156552e-146, 1.32963809623256e-105,  3.51274493634352e+151, 3.22270204450999e-115, 9.07652344884246e+223,  4.87620583450624e-153, 7.23153248012898e-308, -2.94427706398498e+47,  7.29112200808643e-304, NaN, NaN, NaN, NaN, 3.24180903818828e+178,  NaN, -2.92300327466181e+48, 5.43229152234585e-312, 6.08436869869521e+250,  NaN, -4.6083442177867e+305, NaN, NaN, NaN, NaN, NaN, -5.48612406885637e+303,  -4.02873308493385e-45, -2.90368206753809e+48, 2.7533512168086e-146,  3.33118944628688e-28, 1.86319245343026e-110, 3.93784479984285e+92,  NA, 5.07588366665387e-116, 3.0781409820499e+169, NaN, 0), x2 = NaN,      y1 = c(NaN, NaN, -2.429560624485e+44, -4.85037434684006e+22,      4.27926725929166e+95, NaN, NaN, NaN, NaN, NaN, NaN, NaN,      NaN, NaN, NaN, NaN, NaN, NaN, NaN, NaN, NaN, NaN, NaN, NaN,      NaN, NaN, NaN, NaN, NaN, NaN, NaN, NaN, NaN, NaN, NaN, NaN,      NaN, NaN, NaN), y2 = c(NaN, NaN, -1.40444776161118e+307,      4.94660802946205e+173, NA, 2.781342323134e-309, NaN, 7.073064778558e-304,      -1.10310852891458e-146, -2.94449484902225e+47, NaN, -2.94448624094592e+47,      -1.80331588845685e-130, -1.6696708375442e-199, 5.43264213153344e-311,      NaN, -5.48612406879369e+303, 2.781342323134e-309, NaN, -1.59509057300176e+307,      -2.96858085899674e+47, -2.429112097451e+304, NaN, NaN, NaN,      4.95406768681444e+93, NaN, NaN, NaN, NaN, NaN, NaN, -9.25783436608935e+303,      1.62597454370457e-260, 1.66874143195134e+94, NaN, -1.59509057300176e+307,      -2.96858085899674e+47, -2.429112097451e+304, 1.49401453949371e-114,      NaN, NaN, NaN, NaN, NaN, -8.8727758760986e-45, -2.94449594579704e+47,      3.93784517175149e+92, 8.90560226978294e+252, -2.68156158597405e+154,      -1.94906280228e+289, NaN, 1.5180783886641e+180, NaN, -4.54552296211036e+305,      7.07306478142249e-304, NaN, NaN, NaN, NaN, NaN, -8.96799677331179e-44,      0))
result <- do.call(gear:::eucdist2,testlist)
str(result)