testlist <- list(eps = NaN, x1 = Inf, x2 = c(3.22270204450999e-115, 1.09728435496213e+248,  1.21467875813798e+248, 7.29036818418297e-304, -8.91495161179193e+303,  -5.31858383673497e-312, NaN, NaN, 8.22735927213818e-301, NaN,  NaN, NaN, 2.8270701450184e+100, 2.83312063294746e-319, NA, Inf,  2.73349246602624e+161, 1.375625612038e+214, 0), y1 = c(NaN, 3.63372088255387e+228,  1.97498396854574e+166, NaN, NaN, NaN, NaN, -7.02361033907288e+306,  NaN, NaN, -8.96831017166506e-44, -1.76516986000529e+45, NaN,  -2.96867520077523e+47, -4.60316453754541e-163, 6.72034625680349e-308,  4.94065645841247e-323, 1.39067116156574e-309, 5.00583780424873e-146,  -2.94449594579516e+47, NaN, 1.03844919441724e-149, 8.8657593914409e-287,  -2.9278835978634e+47, -8.87277510343978e-45, 1.72723371100636e-77,  -2.90652008606316e+47, NaN, NaN, NaN, NaN, -1.04235687347237e+305,  NaN, NaN, NaN, -1.02963262745508e+270, NaN, -1.10310852891463e-146,  2.13551831285066e-314, NaN, NaN, 4.30352368504316e+95, 4.30352368504326e+95,  NaN, NaN, 5.48612406879369e+303, -1.80331613628628e-130, -2.94449460508646e+47,  -4.93891951855406e+22, 7.29112201955622e-304, 0, NaN, -4.02873231980112e-45,  NaN, NaN, 5.43230922486616e-312, NaN, -1.50157830297958e+124,  2.65474315878026e-83, NaN, NaN, NaN, -2.94415272338361e+47, -1.80632702249784e-131,  NaN, 1.02013970778171e+65, -1.76511949931969e+45, NaN, NaN, NaN,  NaN, 6.4757678266058e-319, NaN, 2.52467545024877e-321, NaN, -5.87197785778694e+47,  7.07287470204703e-304, -6.67021948084483e+305, -4.60834100218089e+305,  2.58564230636592e-82, NaN, NaN, NaN, -2.94449594724022e+47, -2.94446271331792e+47,  NaN, 3.07839226128608e+169, 3.7897784357901e+228, 2.06541523075423e-27,  -8.96799677331179e-44, -6.2854460182295e-145, -1.10310852891461e-146,  8.10353957836523e+177, 1.85671419047599e-314, -2.15791575249827e+284,  2.64220863350475e-260, 1.82263187485302e-304, -8.91495161178974e+303,  4.86160500917973e-63), y2 = c(NaN, NaN, NaN, 4.94065645841247e-324,  NaN, NaN, -2.93598843064565e+47, NaN, 4.8762058342082e-153, 4.83198442866681e+173,  8.09253754683264e+175, NaN, -4.60834100417459e+305, -Inf, -2.59829679838437e+154,  4.75318832811261e-312, -1.93436976747007e+266, 1.62597454369532e-260,  -2.62558583239978e+154, 1.62597454369523e-260, NaN, 4.34970285608803e-114,  NaN, NaN, NaN, NaN, -1.50157830297958e+124, -9.18460652736652e+303,  2.48104025431127e-265, NaN, -5.48612930076931e+303, NaN, -7.88630334889093e+303,  NaN, NaN, -5.86372242042536e+46, 7.34457240146007e-305, 8.8657593914409e-287,  -2.9278835978634e+47, 3.24142883282089e+178, NaN, 0))
result <- do.call(gear:::eucdist2,testlist)
str(result)