testlist <- list(eps = 0, x1 = c(-1.96154140339432e+23, -1.96154140339432e+23,  -1.96154140339432e+23, -1.96154140339432e+23, -2.9168452335266e+307,  4.2264671695394e+95, 4.30352368504326e+95, 4.78210028944862e+180,  3.23160330247636e-115, 9.07652344884246e+223, -1.10310852716399e-146,  -1.76516957287768e+45, -2.94449594529194e+47, -2.94449594565094e+47,  NaN, NaN, NaN, NaN, NaN, NaN, NaN, -1.04235687347237e+305, -1.10310852891998e-146,  -1.76516957287768e+45, -2.94449594529194e+47, -2.94449594565094e+47,  -5.48729603130979e+303, NaN, NaN, -9.25783434772762e+303, -1.10310853028046e-146,  -1.10310852891461e-146, -2.59841668972989e+154, 4.68789980514135e-299,  1.82255973378486e-304, -8.91495161178974e+303, 1.15759580820604e-320,  4.68789980514271e-299, 1.57847550992882e-318, -2.94416033352183e+47,  -1.02963262745508e+270, NaN, 4.6374396760206e+92, 1.39065262011874e-309,  1.03844995189075e-149, 4.82246596196514e-153, 3.63372088259421e+228,  -8.97254063071877e+303, 1.21681621199809e-309, -8.92834546937957e+303,  1.21681621199809e-309, 4.92345845686283e-116, NaN, 2.74670844735742e+101,  2.83312063294746e-319, -2.94427706398498e+47, -7.21795181346354e-148,  -4.58091027031659e+305, 7.25278931441114e-317, 6.14406861902243e-304,  -8.92834546937957e+303, 3.74428747590412e+180, 1.71721740627347e+262 ), x2 = c(2.12198887552843e-314, 8.10353957836523e+177, 1.85671419047599e-314,  -2.15791575249827e+284, -6.17107862109493e+303, 1.21681621199793e-309,  -1.17850096925567e-132, -2.92799205363959e+47, -6.17107862109494e+303,  6.16099860364034e-321, -3.62182132091912e+307, 1.10614411168273e+248,  3.62475581182186e+228, 2.12198887552843e-314, -8.91495161179193e+303,  NaN, NA, -1.76511949931969e+45, NaN, NaN, 1.53201624356036e-94,  3.80262474634861e-311, NaN, -1.17841766759194e-132, 6.45363307781338e-146,  4.30288402579021e+95, -2.92300327349905e+48, -1.07331247691757e-146,  8.03453053919744e-304, 0, 7.29111991453637e-304, Inf, -6.19058738991699e+306,  NaN, NaN, NaN, NaN, 3.79032737378103e+228, 1.27333124321905e-308,  2.64220863350475e-260, -1.10310853028046e-146, 0), y1 = c(1.62597454369523e-260,  NaN, 7.24079596188362e-153, -3.17833823623048e+304, 5.80234483959464e-316,  NaN, 5.43230910850876e-312, NaN, NaN, -1.94906280228e+289, -1.10310852891463e-146,  5.46692688169314e-312, 1.62597454369523e-260, 5.80430808415093e+180,  NaN, -1.10310852891995e-146, 8.22735927213818e-301, 1.82255973378486e-304,  -8.91495363509282e+303, 8.12603947399134e-317, 2.7467084442211e+101,  2.83312063294746e-319, -2.94427679259598e+47, 1.24282155017304e+214,  2.73349246602624e+161, 1.375625612038e+214, 4.87620583420803e-153,  9.27180913517792e+25, 1.62637150484392e-260, 7.53134397652897e+58,  NaN, NaN, NaN, NaN), y2 = numeric(0))
result <- do.call(gear:::eucdist2,testlist)
str(result)