testlist <- list(eps = 0, x1 = c(-9.03425361567856e-45, 5.92068845818619e-40,  NaN, -3.61139929296772e+307, -4.6083430144834e+305, 7.25283032185975e-317,  -2.88846220140263e+47, 1.9749851962193e+166, 8.10353957836523e+177,  1.85671419047599e-314, -2.15791575249827e+284, 2.64220863350475e-260,  2.75749210981104e+216, 2.73349246602624e+161, 1.375625612038e+214,  4.87620583420803e-153, 4.89124989382834e-322, -3.62182188178691e+307,  NaN, -1.10310852891995e-146, 8.22735927213818e-301, 1.82255973378486e-304,  -8.91495363509282e+303, 8.12603947399134e-317, NaN, NaN, 8.90389808998342e+252,  Inf, 1.32265066869303e+74, 4.93597035100886e+169, 3.2281567185106e-115,  8.76431881444561e+252, 7.35876460944816e+223, 1.19085438227719e-258,  -1.1031088785734e-146, -1.10310852891461e-146, -6.17107796709536e+303,  5.3779861326334e-310, 5.32548155225042e-312, 3.24142882807941e+178,  1.85672468838284e-314, -1.25581038700217e+45, 4.7138994338288e+257,  1.27741322635295e+238, 5.03394341842181e+223, 1.68048229123505e+117,  -1.10310804924082e-146, NaN, NaN, -1.1031986046703e-146, -1.10310852891461e-146,  1.269748709812e-321, 1.27741315261759e+238, 5.03394341842181e+223,  -1.12602376754641e-146, -1.10310852891461e-146, -4.58091027031659e+305,  7.54792487424609e+168, 6.14406861902243e-304, -8.92834546937957e+303,  1.21682309190632e-309, 4.24426319739179e-308, 3.24180871083917e+178,  4.93592726253208e+169, 5.7297570356368e+194, 3.93746079909522e+92,  0), x2 = c(6.46572228149075e+170, -Inf, 1.06399914350748e+248,  1.1461546353604e+247, 7.43070584097799e-125, 9.26370399378664e+25,  1.62597454369526e-260, -3.29167444124927e+304, NaN, NaN, NaN,  9.2637000607593e+25, 1.53191329647951e-94, 1.38974662217589e-101,  -2.90368206753809e+48, 2.7533512168086e-146, 1.02013970778171e+65,  -6.17107862109497e+303, NaN, Inf, NaN, NaN, -1.76516957289077e+45,  -2.94449594529194e+47, NaN, NaN, -Inf, -1.56143678298957e+306,  1.21140495714736e-309, NaN, NaN, 4.30352314644664e+95, 0), y1 = c(-1.58456324783476e+29,  -4.02873308493385e-45, -2.90368206753809e+48, 3.42127799679596e+180,  6.87483813598373e+175, 9.0765580784233e+223, 3.33118944628688e-28,  NaN, 4.44387685038427e+252, 1.8878846540085e+219, 8.90389806695635e+252,  NaN, NaN, -1.50157830410754e+124, -3.99132450406277e-45, 8.09253755479509e+175,  1.69375610480168e+190, 3.42127855273603e+180, 6.87483813598373e+175,  9.0765580784233e+223, 3.33118944628688e-28, -3.07278200005989e+304,  -5.48612406879431e+303, -1.58456324783476e+29, -5.87197785778694e+47,  3.57519071136173e+165, 3.13667414120691e+151, 4.55929980651827e+169,  Inf, 1.69375610480168e+190, 3.42127855273603e+180, -Inf, 9.0765580784233e+223,  -7.23959955980208e+304, NaN, -3.63055985737626e+307, -1.50150445421694e+124,  3.59535147836295e+246, 8.82893744750688e+199, 3.60755068248954e+165,  3.13667414120691e+151, 4.55929980651827e+169, 8.09253754683264e+175,  0), y2 = c(6.87483813598373e+175, -4.02873307687479e-45, 3.42127855273603e+180,  6.87483813598373e+175, 9.0765580784233e+223, 3.33118944628688e-28,  NaN, 4.44387685038427e+252, 1.8878846540085e+219, NaN, 3.75375841440235e+255,  1.7111287831987e+117, 1.3906732835345e-308, NaN, -3.63055985737626e+307,  -1.50150445421694e+124, NaN, -6.92446207850139e+274, NaN, NaN,  NaN, NaN, 7.29093194018073e-304, 5.43222633441051e-312, 0, 0,  0, 0, 0, 0, 0, 0, 0, 0, 0, 0, 0, 0, 0, 0, 0, 0, 0, 0, 0, 0, 0,  0, 0, 0, 0, 0, 0, 0, 0, 0, 0, 0, 0, 0, 0, 0, 0, 0, 0, 0, 0, 0,  0, 0, 0, 0, 0, 0, 0, 0, 0, 0, 0, 0, 0, 0, 0, 0, 0, 0, 0, 0, 0,  0, 0, 0, 0, 0, 0, 0, 0, 0))
result <- do.call(gear:::eucdist2,testlist)
str(result)