testlist <- list(eps = NaN, x1 = c(3.63372088259421e+228, -8.97254063071877e+303,  1.21681621199809e-309, -8.92834546937957e+303, 1.21681621199809e-309,  4.92345845686283e-116, NaN, 2.74670844735742e+101, 2.83312063294746e-319,  -2.94427706398498e+47, -7.21795181346354e-148, -4.58091027031659e+305,  7.25278931441114e-317, NaN, 1.62603967123862e-260, -2.90365986796641e+48,  -7.02361033907285e+306, NaN, NaN, NaN, NaN, NaN, NaN, -3.39989681060203e+304,  NaN, NaN, NaN, NaN, NaN, NaN, 3.24143031351102e+178, -1.10310852891463e-146,  -6.0454935816903e+303, 1.21681621199793e-309, 5.7009754099328e-39,  3.17422355483626e-319, -1.51807723122638e+306, 1.10176639022598e-321,  9.19197328109229e+191, 8.90919932836765e-310, -2.303912602878e+305,  1.10176639022598e-321, -3.62182188048294e+307, 3.6806986859006e+180,  1.71721740627347e+262, 3.68169779261732e+180, 3.07839226128608e+169,  1.68048745358866e+117, 1.3906732835345e-308, -1.25581006001209e+45,  NaN, NaN, NaN, NaN, NaN, NaN, NaN, -1.12602376754645e-146, -1.10310852891461e-146,  -4.58091027031659e+305, 7.25278931441114e-317, 6.14406861902243e-304,  -8.92834546937957e+303, 1.21682309190632e-309, 4.92345845686283e-116,  4.69927682879683e+174, 4.93592726253208e+169, 5.7297570356368e+194,  2.81279252939629e-09, 8.90560226978282e+252, 9.07652358545815e+223,  1.39065318873114e-309, NaN, NaN, NaN, -1.78299032235795e+304,  NaN, -6.28544601826167e-145, -1.10310852891461e-146, NaN, NaN,  NaN, NaN, NaN, NaN, 7.29093194018073e-304, 1.32963809623256e-105,  3.51274493634352e+151, 3.22270204450999e-115, 1.09728435496213e+248,  3.62475581182186e+228, 7.29036818418297e-304, -8.91495161179193e+303,  NaN, NaN, NaN, NaN, -3.0897850755446e+307, NaN, NaN), x2 = -2.94427706398498e+47,      y1 = -Inf, y2 = c(3.80262474634861e-311, NaN, 7.29112077017832e-304,      NaN, 562399978455040, NaN, -1.10310853028906e-146, 8.03453053919744e-304,      0, 2.73349246602236e+161, 1.32882274140161e-258, -1.1031088785734e-146,      -1.10310852891461e-146, -6.17107796709536e+303, 5.3779861326334e-310,      5.32548155225042e-312, 3.24142882807941e+178, 1.85672468838284e-314,      -1.24886250163438e+45, 4.7138994338288e+257, 1.27741322635295e+238,      5.03394341842181e+223, 1.68048229123505e+117, 1.53191220795586e-94,      1.39066663117295e-309, 7.06327445639221e-304, -5.48612406879369e+303,      -9.25783436608935e+303, -7.36557661707367e+45, -2.69080627493771e+44,      -6.40666524847514e-145, -1.10310852891461e-146, 1.269748709812e-321,      1.27741315261759e+238, 5.03394341842181e+223, -1.12602376754641e-146,      -1.10310852891461e-146, NaN, -8.7777985100699e+304))
result <- do.call(gear:::eucdist2,testlist)
str(result)