testlist <- list(v = c(4.24399158143648e-314, -5.48612406879369e+303, 1.78005909224545e-307,  0, 1.14076371726502e-309, 8.09477154146298e-320, 3.78576699573368e-270,  0, 0, 9.19865003070903e+58, -Inf, 1.30983907933957e-306, 4.44736637800689e-305,  0, 1.69759663277222e-313, 0, -4.68946677188785e-122, NaN, 1.35531947485492e+287,  2.41754831583586e+35, 2.4173705774534e+35, -2.24711641857785e+307,  1.04054924559608e-308, 2.28223237450607e+272, -8.33536154360833e+298,  -1.21723351343937e+304, -2.08212600444896e+269, 6.98433247096157e+285,  9.98586254339391e-315, 7.11750304968475e-38, 7.11750304968475e-38,  7.11744027151355e-38, 7.11750304968475e-38, 7.11750304968475e-38,  4.66006918691716e-315, 0, 3.23790861658519e-318, 5.52894194440203e-222,  -5.3928932092918e-26, -Inf, -Inf, -2.03314002120188e+289, 5.23337023858388e-304,  4.14453142834503e-317, 0, -9.68343704282591e+119, 3.43104886597884e-223,  -6.69235413738316e-125, -6.97927922946546e+307, 1.58941648644373e-314,  1.50347607897155e-121, 1.08420382684673e-19, -7.90001867475886e+305,  3.89387926067656e-308, NaN, 3.53739623738901e+59, 6.24436687235299e-85,  NaN, NaN, -6.53258863390449e+121, 2.32614391211503e+36, 9.64181630293645e-311,  0, -1.2343726834941e+304, 5.28455053000125e-308, -8.33536299723323e+298,  2.0684320926825e+272, 5.69618907777856e-305, -9.82109373815005e+119,  -0.388229370116631, -1.67542397647478e-122, NaN, 1.04254235792109e-255,  -3.21053155411189e+207, 5.28455053000125e-308, 6.5386776405976e+286,  2.28298990409391e+36, 2.4173705217461e+35, 2.4173705217461e+35,  2.4173705217461e+35, 3.65357830774657e+228, 1.02821896886627e-309,  -9.68343704282591e+119, -2.31321749163415e-185, -1.7093860803668e-122,  3.47244113074443e+72, -3.35840404072346e+117, 0), w = c(-Inf,  Inf, 1.38495072895757e+219, 5.43252080277174e-310, 3.55701117031937e+59,  9.61276001327369e+281, -7.8804012392789e+115, -0.124996185302595,  1.71334535360375e-122, -1.50341776999598e-121, 1.56867706918077e-305,  -1.23827457858616e+294, 9.07830134275083e-306, 1.94760677590619e-319,  NaN, 3.5570121803208e+59, -1.71324177563323e-122, 8.50705628216661e+36,  2.4173705217461e+35, 2.4173705217461e+35, 2.18312666660655e+36,  6.92308421076402e+285, 8.08635690554051e-174, -4.53801546776667e+279,  NaN, NaN, NaN, Inf, NaN, NaN, Inf, NaN, NaN, 2.52467545024877e-321,  -9.94645998535176e+86, 5.30498947741318e-315, 0, -0.124999940586346,  9.43665383556781e-322, 0, 1.33360288657597e+241, 3.47256969279958e+72,  -4.30927251738593e-188, -4.16462461047928e-185, 4.70457237382584e+83,  -6.83495195235578e+307, 8.39780591474288e+217, -0.00855736825980389,  5.39435545879154e-317, 8.18930180583682e-272, -1.27708362741856e+305,  NaN, NaN, NaN, NaN, NaN, NaN, NaN, NaN, NaN, 2.41737052621239e+35,  2.4173705217461e+35, 2.4173705217461e+35, 2.06935557524914e+272,  2.06842847014058e+272, -0.00597426470588235, 5.99981168843394e-310,  1.30990564450437e-306, 1.65451900343202e-24, -1.55247308155755e+305,  9.97580371821086e+281, 3.44426042949967e-258, 1.3844750996383e-309,  5.21936525058362e-312, 0, 2.41759984222527e+35, -3.6899681771437e-74,  -2.03314002120188e+289, 5.23337023858388e-304, 4.14453142834503e-317,  0, -9.68343704282591e+119, 3.43104886597884e-223, 0), x = structure(c(Inf,  3.33709316257241e+125, 4.94065645841247e-324, 8.89318162514244e-323,  8.13457988541456e-73, NA, 2.96439387504748e-323, 3.00411607194315e-312,  5.13450830320973e-169, 4.49599737715534e-322), .Dim = c(5L, 2L )))
result <- do.call(RaceID:::applyProb,testlist)
str(result)