testlist <- list(v = c(NaN, NA, NaN, 2.61834916183616e+122, 7.06327566515903e-304,  8.90202868021515e-307, 5.34972919085965e+59, Inf, 6.02760087926321e-322,  -1.98437499943025, -4.38888879105399e+304, NaN, 5.01264985159438e-304,  -9.68343705485047e+119, NA, -2.11604788857997e+265, -1.65454977394257e-124,  3.47244113074443e+72, -3.35840404072346e+117, 3.76633449328534e-313,  9.83247405884641e-309, NA, 0, 0, -1.98437499943025, -1.73963512862069e-122,  -1.00252054090247e+120, 1.04163993869177e-309, -3.35840403792362e+117,  1.663370420672e-37, 7.28755494616854e-304, -2.74091902507003e+304,  -6.69235256424527e-125, -1.70938627491396e-122, 2.96302084617192e-300,  1.3373681192997e-309, -8.22918609800791e+303, 2.46830497355186e-308,  4.44736696032895e-305, 4.45610827056649e-312, -Inf, -1.21716680745378e+304,  -1.11717512638398e+119, 5.529525017783e-222, 2.05226840065607e-289,  2.06842870456543e+272, 1.4621518094757e+37, NaN, 3.4310488659788e-223,  -6.69235413738316e-125, -1.00252054090433e+120, -1.00252054090433e+120,  1.33392815353235e+241, 2.03004823100912e+272, 1.52104658620177e-310,  NaN, 3.53739623738901e+59, 6.68606534673736e+252, -6.27436138636767e+121,  1.39058611591013e-309, 1.05508334697972e-19, 0), w = c(-1.98437499998545,  -1.73963512862069e-122, -5.82766745463019e+303, 1.25256357809947e-312,  1.55529826136836e+273, 7.29065082744518e-304, 2.09958136856696e-319,  NaN, 1.94900332160366e+289, -1.21716680745378e+304, -1.11717512638398e+119,  -1.00252054090433e+120, -1.00252054090433e+120, -7.90002534941615e+305,  -1.07391162038842e+306, 5.94158822730144e-313, 1.39054384181954e-309,  NaN, 6.68579759933899e+252, -3.17678814134801e-277, 1.56125175638762e-17,  2.32220831781137e-312, -1.23827457858616e+294, -2.34424425355545e-185,  -2.35345567535212e-185, 2.46830497355181e-308, 2.0280071529506e-261,  NaN, 3.76633449328534e-313, 9.83247405884641e-309, -7.61092660151451e+304,  3.76633449328534e-313, NaN, 6.43378166558579e-85, -2.62777756111695e-301,  1.83569214195394e-313, -0.124996185301825, 1.71334535360375e-122,  NaN, 3.51016483090165e-304, 2.06842847279695e+272, 1.35492756155359e-306,  1.38495072895757e+219, 5.43252080277174e-310, 3.55701117031937e+59,  9.61276001327369e+281, -7.8804012392789e+115, -0.124996185302595,  1.71334535360375e-122, -1.99990162568933, 1.39067116731397e-309,  2.48154032040978e-24, -4.51006729721318e+306, 3.76633449328534e-313,  0, NaN, NaN, -5.48612443153759e+303, 3.78576531746649e-270, 2.41737052175743e+35,  2.18312666660655e+36, 6.92308421076402e+285, 2.06842847014058e+272,  2.06842847014058e+272, 1.06306387231586e+224, 3.60621897426107e+228,  NaN, 3.23785921002061e-319, 2.11218004253591e-319, -4.24625431012221e-188,  NaN, NaN, NaN, NaN, NaN, NaN, NaN, NaN, NaN, NaN, 2.41737052176354e+35,  2.4173705217461e+35, 2.4173705217461e+35, 2.06843209164491e+272,  2.06842847014058e+272, 3.40085477321653e-223, 1.33374335533635e+241 ), x = structure(c(2.64002860894272e-105, 7.11750304968475e-38,  7.11750304968475e-38, 0, 0, 7.11750304968475e-38, -Inf, 5.40489633570859e-145,  -Inf, 3.25938553421812e-312, 1.10639270315221e+74, -Inf, 4.48297896369973e-120,  0, 4.48362113062369e-120, 7.2915437460182e-304, 6.24700832681753e-310,  8.55035259729748e+245, 1.84592043549528e-307, 1.4111782326184e+277,  -Inf, 2.41737052174676e+35, 2.03170395639609, 3.54354723463066e+59,  2.05239415240981e-289), .Dim = c(5L, 5L)))
result <- do.call(RaceID:::applyProb,testlist)
str(result)