testlist <- list(v = c(-9.68343706083914e+119, -0.124023437464391, 0, 2.72511468519058e-108,  -2.33794079324124e-185, 1.33360364967065e+241, 3.47256969279958e+72,  3.7371824358427e+196, -3.17678798969871e-277, 1.20303920216731e-308,  1.38566325150032e-309, -1.71311916427781e-122, -2.35343743703793e-185,  -2.3534374397766e-185, 2.06842863705349e+272, 9.31646697974494e+242,  1.09940816252153e+169, 5.25486528035228e+173, 8.53079365468145e+102,  9.45041721156476e+281, 1.54909342597064e-319, -2.24711625470005e+307,  -7.74045653122002e-121, -6.26575337767551e+118, 3.78565083062863e-270,  2.48154154140297e-24, -3.6899672717033e-74, 1.27638365224993e-314,  -7.90001865906291e+305, 8.67840552883787e+102, -1.6817316573456e-122,  -2.30102549186621e-185, 2.41737052174613e+35, 2.4173705217461e+35,  2.4173705217461e+35, 2.41737052174612e+35, 2.0684284701408e+272,  -1.00254217221363e+120, 3.23363236356604e+161, 1.73940526560413e-273,  7.12023635302857e-304, 1.05560778026209e+70, 6.80702318978307e+279,  3.96573944649364e-317, -1.99996266083326, NaN, -5.57670494225772e-189,  -0.12401419874445, NA, -2.3534549753269e-185, 9.11397115827736e-306,  3.55505058601978e+59, -0.124997635676662, -2.97367077571964e+284,  -1.16580139351841e+304, -Inf, 6.53867576132536e+286, 6.38062178310007e-304,  1.61891981184503e+265, 1.17605841691514e-171, 2.32220831781137e-312,  -2.19307809813527e+307, 2.06842798646813e+272, 6.53867576132536e+286,  NA, 1.06099798589665e-314, NaN, -0.0442363813813244, NaN, -1.67389727855203e+289,  -1.70447452905271e+289, -1.70447452905271e+289, -4.51610035167468e+120,  -0.124999990883995, -1.00252001940722e+120, 1.04163998887936e-309,  -9.68343704282591e+119, -2.31321749163415e-185, -1.7093860803668e-122,  3.47244113074443e+72, -3.35840404072346e+117, 6.24436687235291e-85,  -2.62777756111695e-301, 1.83569214195394e-313, 1.50219308065208e-266,  -1.71324225456858e-122, -2.35343736826558e-185, 0), w = c(-7.8804012392789e+115,  -0.124996185302595, 1.71334535360375e-122, -1.50341776999598e-121,  1.56867706918077e-305, -6.90464374781508e-74, 9.1460133942467e-306,  1.94760677590619e-319, 4.70457237382575e+83, 3.5570121803208e+59,  -1.71324177563323e-122, 8.50705628216661e+36, 2.4173705217461e+35,  2.4173705217461e+35, 2.18312666660655e+36, 6.92308421076402e+285,  2.06842847014058e+272, 5.40810585795718e-312, 2.03881455100923e-314,  0, -2.22956081737217e+307, 2.06842847280787e+272, 4.99207256722682e+272,  -5.50989539614619e+303, -9.68499465338299e+119, 3.43104886597884e-223,  9.64234871225027e-311, 0, 6.40623275995629e-145, 2.61817189337236e+122,  2.61830011167902e+122, NaN, 2.91498731046335e-322, 0, 0, 0, 0,  0, 0, 0, 0, 0, 0, 0, 0, 0, 0, 0, 0, 0, 0, 0, 0, 0, 0, 0, 0, 0,  0, 0, 0, 0, 0, 0, 0, 0, 0, 0, 0), x = structure(c(1.08646184497422e-311,  1.41533545085507e-304, 4.48309464024909e-120, 1.41533545019065e-304,  7.2911220195564e-304, 8.34402696940262e-310, 4.62739178153174e+122,  1.0929521538785e+185, 8.13483097671497e-272, 3.78576699396388e-270,  8.44255056671979e-227, 3.5285221221682e-304, 4.44778245441518e-305,  6.4903476690891e+286, 2.06842847014601e+272, 2.08094712985639e-306,  4.71842041272357e+241, 8.28904634995683e-315, 2.03161722350427,  2.06843235465919e+272, 6.53839283024225e+286, 5.45442119246307e+262,  4.07421111390964e-312, 2.71689524676422e-311, 8.26319961108097e+121,  1.99651672968546e-236, 2.56734752865526e-289, 2.56734752865526e-289 ), .Dim = c(7L, 4L)))
result <- do.call(RaceID:::applyProb,testlist)
str(result)