testlist <- list(v = c(3.12132995242661e+37, 2.4173705217461e+35, 2.4173705217461e+35,  2.4173705217461e+35, 6.80429311309509e+49, 6.53587667067412e+286,  2.41737084198858e+35, 6.92308421076402e+285, 6.53873747833573e+286,  2.41737052175103e+35, 2.4173705217461e+35, 2.4173705217461e+35,  2.4173705217461e+35, 6.80429311309509e+49, 6.53587667067412e+286,  2.41737084198858e+35, 6.92308421076402e+285, 6.53873747833573e+286,  2.41737052445902e+35, 2.4173705217461e+35, 2.4173705217461e+35,  2.4173705217461e+35, -2.35794450117027e-185, -2.35812398268696e-185,  1.50202763523695e+37, 2.41727025306313e+35, 2.4173705217461e+35,  2.06832917110618e+272, 2.04729668889515e+272, 3.40085477321653e-223,  -1.08564273848718e+77, 1.33620757475417e+241, 1.53152187180617e-154,  5.01854462856043e+61, 9.61276001327369e+281, 9.61276249046606e+281,  7.03124034623837e-304, 1.33615750414941e-309, 8.28904605845809e-317,  -1.999755859375, 2.06860327347807e+272, 2.06874563816637e+272,  -7.36200460980196e+303, 2.17795401094324e-306, 2.0470920528909e-306,  -1.00238703763995e+120, -1.21716680745378e+304, 3.12132995242661e+37,  1.37980363931255e-309, 0, 5.52894194440266e-222, -1.98421606923557,  -1.65435053268904e-124, -2.97383244612533e+284, -5.49926644411783e+303,  9.61276249046921e+281, 7.03124034623837e-304, -1.55245107629125e+305,  9.61276248078953e+281, 3.44426042949967e-258, 1.3844750996383e-309,  -1.65435050235611e-124, 1.37437423356986e-309, 6.22916841519112e-124,  1.37911111580455e-314, 2.52961610670718e-321, 0, -4.84014898293011e-122,  NaN, 1.61921354193936e+265, 1.9172102715593e+68, 9.0711262399453e-315,  2.0917922563356e+272, 2.06842847014058e+272, 1.06306387231586e+224,  NaN, 3.19991496842e-319, 4.24399158193054e-314, 0, 0, 1.63401932697285e-312,  3.7025402839455e-305, 5.43230922360629e-312, 0, 0), w = c(2.59032689326815e-318,  0, -2.2226335184123e+307, 3.73755010291594e+196, 7.29112201951297e-304,  -1.70447452905265e+289, -1.7044745272945e+289, 6.42529072299577e+286,  2.41737052173939e+35, 2.4173705217461e+35, 2.4173705217461e+35,  2.4173705217461e+35, 6.92308421076402e+285, 2.06842847014058e+272,  2.06842847014058e+272, 1.06306387231583e+224, 7.29112197918543e-304,  1.53842733586605e-266, -1.71324225456858e-122, -2.35343736826558e-185,  3.23785921002061e-319, NaN, 2.58547622517186e+122, 2.61830011167902e+122,  -2.78135733181823e+305, 3.78576572855627e-270, 9.61276249046606e+281,  NaN, 0, NaN, 2.06842847013622e+272, NaN, 2.44601060399794e-306 ), x = structure(c(NaN, NA), .Dim = 1:2))
result <- do.call(RaceID:::applyProb,testlist)
str(result)