testlist <- list(v = c(7.06327445647978e-304, -1.88160012465723e-183, 3.4008540027011e-223,  1.33374335533635e+241, -0.124999955305889, 1.62597454369687e-260,  9.64022720341584e-311, NaN, 0, 5.69618907777844e-305, -9.82109373815005e+119,  -0.388229370116631, -1.67542397647478e-122, -4.69419405467373e-122,  6.3797352437897e-304, -6.30432002945989e+118, 2.38853035742724e-35,  1.53853552221423e-266, -1.71324225456858e-122, -2.35343736826558e-185,  -2.35343736826563e-185, NaN, NaN, 2.3655369057233e-319, 8.96831017168393e-44,  -3.88625652071364e-77, -5.90082642180746e-74, 1.95458780853993e+185,  -3.68996727524016e-74, 6.38034606201239e-304, 8.95158647109717e-227,  1.6189543082926e-319, 0, -1.00238703763628e+120, -1.21716680745378e+304,  -1.11717512638398e+119, 7.25627474519822e-304, 2.46830497355173e-308,  NaN, -1.34765572425519e+28, -1.34762611593722e+28, -1.21716680745378e+304,  -1.11717512638398e+119, -1.00252054090433e+120, -1.00252054090433e+120,  -7.90002534941615e+305, -1.34747271524571e+28, -1.34765550943381e+28,  -1.34765550943381e+28, -1.34765550943381e+28, NaN, -1.34765550943709e+28,  -1.34765550943381e+28, -1.34765550943381e+28, -1.34765550943381e+28,  -1.347567652117e+28, -1.98437499915268, -1.73963512862069e-122,  6.49456535688652e-140, 1.71324225643948e-122, -9.68147978712331e-123,  -2.35343736826454e-185, 3.7856508306286e-270, 3.7857651962591e-270,  3.43094374643093e-223, -0.000412003369092417, 0, -0.0444335639476776,  -1.55247308328167e+305), w = c(2.4173705217461e+35, -9.79577757061033e+119,  1.08973792427233e+158, -2.24711534706929e+307, -7.74045653122002e-121,  -1.00252054042808e+120, -1.00252054090433e+120, -2.2226612137583e+307,  5.12816385831869e-23, -1.15855157979232e-184, 2.10714057294833e-319,  -4.24625431012221e-188, 5.43230922183259e-312, 0, 1.3670860441247e-304,  0, NaN, 2.17292369095979e-311, 0, NaN, 1.95458780853993e+185,  NaN, 2.41737052176354e+35, 2.4173705217461e+35, 2.4173705217461e+35,  2.06843209164491e+272, -1.05045344678176e-19, 1.18181898413194e-125,  -1.26288557242183e+289, 5.94485329359848e-310, -0.000411987395640512,  NaN, 9.61418062026194e+281, 1.67733513471338e+271, -1.07398946476149e+306,  1.94906280228e+289, 5.58698493989959e+286, 6.53867576132537e+286,  NA, 2.4173705217461e+35, 2.4173705217461e+35, 2.4173705217461e+35,  1.75703850617574e+170, 3.89177106657945e+37, 2.28314455932277e+36,  2.17795464738587e-306, -1.34764933061371e+28, -1.34765550943381e+28,  -1.34765550943381e+28, 6.66183574998047e+286, 2.32168354552235e+272,  NaN, 6.53867576135404e+286, 6.5386757613245e+286, 6.55419214381275e+286,  2.41737121625426e+35, 2.4173705217461e+35, 2.4173705217461e+35,  2.4173705217461e+35, 2.4173705217461e+35, 2.4173705217461e+35,  2.06842818210721e+272, NaN, 6.53867764058381e+286, 9.46135711785987e-321,  2.77448016505297e+180, 2.77448001762435e+180, 2.77194735431327e+180,  0), x = structure(c(1.29516344663408e-318, 1.21723902581997e-220,  1.22034214522788e-321, 0, 7.2911220195564e-304, 2.33638703261867e-319,  2.4173705217461e+35, 2.41737052174611e+35, 5.57909422558028e+228,  2.81671549697951e+248, 5.82210855460468e+286, 4.94781101432015e+173,  1.26653062073761e-313, 9.73309322307256e-322, 3.3103697155251e-28,  3.3103697155251e-28, 3.3103697155251e-28, 3.31036971554455e-28,  4.49080531892269e-273, 8.90029701889431e-307, 0.00588271197150735,  6.92446207850139e+274, 1.71373948875824e-77, 6.53867576132536e+286,  6.53867576132537e+286, 3.15990810516182e+284, 1.3363495186011e-309,  2.56734752865526e-289, 2.56734752865526e-289, 2.56734752865526e-289,  2.6933498283125e-289, 2.63169914734396e-289, 6.84060124162189e+285,  2.4173705217461e+35, 2.4173705217461e+35, 2.4173705217461e+35,  2.4173705217461e+35, 5.82210855460478e+286, 2.06842847014058e+272,  1.63417038113394e+270, 7.22952667423063e+221, 97728.0479367724,  2.66994518958995e+122, 1.86960606016727e+185, 0, 1.79539453766978e-317,  1.70997006833166e-304, 2.61830011167902e+122, 2.61830011167902e+122,  1.06854581793301e-309, 1.22364711412348e-272, 9.61276248104311e+281,  6.86658488068251e-304, 7.27548115146899e-309, 1.22364711412348e-272,  9.61276248104311e+281, 6.86658488070903e-304, 6.59898347090423e-280,  0, 1.3906658358549e-309, 7.36237673770767e-310, 2.07373083816192e+272,  2.06851952333473e+272, 8.90029545649699e-307, 3.47673116404872e-310,  6.95525183171534e-309, 4.26600544069697e-120, 1.39056503284642e-309,  2.98933397651473e+121, 9.70167107017905e-306, 6.24700834154874e-310,  32.5072937011719, 2.47845809445297e-117, 2.4173705217461e+35,  2.4173705217461e+35, 2.41737037765354e+35, 61447.968750475, 7.06327779731896e-304,  2.42808055003767e-308, 1.52954517610676e-308, 1.80827653803621e-307,  2.66994480021146e+122, 4.48297896369973e-120, 0, 1.48852774537632e-121,  1.90358164299902e+185, 2.93434219360312e-202, 1.41533484584426e-304,  1.90359850014882e+185, 2.81776900843539e-202), .Dim = 9:10))
result <- do.call(RaceID:::applyProb,testlist)
str(result)