testlist <- list(v = c(-4.49409493692782e+307, -1.71311885723798e-122, -2.35332802191522e-185,  -2.35345567535212e-185, -1.26288557242229e+289, -1.68173071579448e-122,  -2.32544470284064e-185, -2.35812398268696e-185, -2.05032595679126e+254,  -0.000427197466706275, 2.5903219526117e-318, 5.35024630713069e+59,  4.47041323516912e-305, 3.45795878303101e-223, -6.27436364605211e+121,  1.7577524784587e-24, 6.63123363533978e-316, 8.67840425562079e+102,  9.09217817655158e-307, 8.67791726308986e+102, NaN, -8.33536299717232e+298,  5.24049395160921e-304, NaN, NaN, NaN, -0.125, NaN, NaN, NaN,  NaN, NaN, 5.43230922486616e-312, NaN, NaN, NaN, NaN, NaN, NaN,  NaN, NaN, -1.98437499943026, -1.18161351491486e+304, -1.11717512638398e+119,  3.22631509642264e+178, 6.20865765803513e-317, -6.75028496418494e-125,  -1.65454977394257e-124, 3.47244113074443e+72, -3.35840404072346e+117,  3.76633449328534e-313, 9.83247405884641e-309, 2.848781715623e-306,  3.2495694914791e+284, 2.41737052002944e+35, 2.4173705217461e+35,  2.4173705217461e+35, 2.4173705217461e+35, 2.4173705217461e+35,  2.06842847014058e+272), w = c(-1.21716680745378e+304, -1.11717512638398e+119,  5.529525017783e-222, 2.05226840065607e-289, 2.06842870456543e+272,  3.42007562186327e-223, 1.33374335533635e+241, -1.21716680745378e+304,  -1.11717512638398e+119, 1.94428791846628e+68, 4.94661004608305e+173,  -1.0025205409043e+120, 7.23385017271795e-304, 4.96372851978301e-23,  -1.34765550664462e+28, -1.34765550943381e+28, -1.34765550943381e+28,  -1.34765550937616e+28, -1.34765550943381e+28, -1.34765550943381e+28,  -1.34765550943381e+28, -1.34765550943381e+28, -1.34765550943381e+28,  NaN, -1.34765550943382e+28, -1.34765550943381e+28, -1.34765550943381e+28,  -1.34765550943381e+28, -1.34765550943381e+28, -1.34765550943381e+28,  -1.34765550943381e+28, -1.34765550943381e+28, -2.43896802504138e+24,  -1.34765550943381e+28, 9.61212832920136e+281, -1.00238703763629e+120,  4.52121101336541e-305, -1.71449364622466e+304, 5.94158822730144e-313,  1.39054384181954e-309, NaN, 6.68579759933899e+252, 3.78565008116921e-270,  0, -1.65435050235614e-124, 1.37437423356986e-309, 6.22916841519112e-124,  1.37911111580455e-314, 2.52961610670718e-321, 2.92638687847504e-188,  -1.71324177561803e-122, -2.35343694113036e-185, -2.3534374397766e-185,  NaN, NaN, 3.45845952088873e-323, -1.55247308328162e+305, -5.48712542869004e+303,  7.0790724774101e-304, -7.10001640643692e+139, -1.61222850013971e+265,  8.15952971379469e-317, 0, 1.63401932697285e-312, 3.7025402839455e-305,  5.43230922360629e-312, 0, 4.77830972673648e-299, 0, 1.14078493689914e-309,  8.09477154146298e-320, -5.48612406879369e+303, NaN, 1.24504542751994e-321,  -1.002520024217e+120, 5.25570582406583e-310, 0.000885128509253263,  2.06842847014058e+272, NaN, 3.54462323280364e+267, NaN, 6.53867764059765e+286,  6.53867570460017e+286, -5.14725581417196e-250, 2.46288580872541e+35 ), x = structure(6.49456535688652e-140, .Dim = c(1L, 1L)))
result <- do.call(RaceID:::applyProb,testlist)
str(result)