testlist <- list(v = c(-Inf, 5.40866602095717e+262, 1.27004131750814e-272,  2.97403381695557e+284, 6.53867763308991e+286, 1.35531969333636e+287,  7.30248346709276e+271, 5.40866602095717e+262, 4.94661005184769e+173,  -2.97369594325982e+284, -1.0024893295419e+120, -0.122634878579307,  9.43665383556781e-322, -2.35794477622875e-185, -2.35797444868607e-185,  4.34591002946882e+59, 5.40866602095717e+262, NaN, 5.48696404002212e-222,  -3.09571737489023e-05, NaN, 2.0684284701408e+272, 1.61921272794789e+265,  0), w = c(NaN, NA, -7.41119562458923e-268, 2.06842847055503e+272,  1.35492756155359e-306, 1.38495072928633e+219, -3.15920865834029e+304,  NaN, -1.70938627491396e-122, -2.35343736826454e-185, 3.78565082992976e-270,  3.78576665676399e-270, 3.43094374643093e-223, -1.96485533105288e+307,  1.50200973432436e-307, 6.53902428466641e+286, NA, 2.46815371894011e-308,  1.00020238441442e+242, 5.94485329359848e-310, -0.00041198739563697,  2.06830464999356e+272, NaN, 3.45795987724642e-223, 6.53867576135404e+286,  6.5386757613245e+286, -2.07087737215364e+289, 6.32121730087313e+284,  -1.70447452905271e+289, -1.70447452905271e+289, -1.70447452905271e+289,  -1.67497676051635e+289, 6.55447713830259e+286, 2.41725801901749e+35,  2.4173705217461e+35, 2.4173705217461e+35, 2.4173705217461e+35,  -7.80674992483816e+306, 5.36864934987733e-312, -6.60429663726574e-125,  5.38715247574083e-317, 9.88131291682493e-324, 0, -0.0444335639476776,  NaN, 3.23363236800244e+161, 1.73940526560413e-273, 3.54340867396902e-317,  2.06851973493041e+272, Inf, 1.35492756155359e-306, NaN, 1.24504542751994e-321,  1.65780921169162e-316, 0, -5.48612406879369e+303, 6.38288799106634e-315,  1.01041017894971e-309, 2.12199579047121e-314, -5.48612406879369e+303,  2.781342323134e-309, 0, 4.45619115976226e-312, 3.16202013338398e-322,  -9.63563770543962e+86, 5.30498947741318e-315, 0, 1.01184644268287e-320,  0, 6.53915684183303e+286, 8.65250086406246e+247, 1.39067116156596e-309,  1.56867706918077e-305, -1.89819892779955e+307, 4.67271536421702e-307,  -3.05923761105831e-05, 6.95337719357392e-309, -2.24711567772114e+307,  -7.74045653122002e-121, -1.00252054042808e+120, -1.00252054090433e+120,  -2.2226612137583e+307, 5.12816385831869e-23, 7.13118208782102e-304,  2.41737052173936e+35, 1.2551705365977e+69, -5.82776030488142e+303,  0), x = structure(c(1.6910561052774e-306, 7.17598078582785e-226,  5.32612654542548e-312, 2.04736199784705e-314, 4.94065645841247e-324,  4.94065645841247e-324, 4.94065645841247e-324, 4.94065645841247e-324,  4.94065645841247e-324, 4.94065645841247e-324, 5.32620943593547e-312,  5.0818941772337e-306, 1.35999697000045e+248, 2.72503871570822e-108,  1.07711465482745e+185, 8.55033363673726e+245, 2.3560465840115e+69,  1.40022088415715e+195, 1.29462490906889e+64, 2.11317812454264e+272,  7.19876836576435e-310, 6.07700744384733e-322, 2.06860260582645e+272,  6.53867576132905e+286, 3.28012215045878e-307, 1.61190615286213e+276,  2.4173705217461e+35, 2.4173705217461e+35, 2.4173705217461e+35,  2.4173705217461e+35, 2.43854217589068e+35, 5.82211046924689e+286 ), .Dim = c(4L, 8L)))
result <- do.call(RaceID:::applyProb,testlist)
str(result)