testlist <- list(v = c(-2.62777756111695e-301, 1.38095509181717e-314, -6.6923525642006e-125,  2.41737103129187e+35, NaN, NaN, NaN, NaN, NaN, NaN, NaN, NaN,  NaN, 2.41737166511723e+35, 2.4173705217461e+35, 2.4173705217461e+35,  2.30576737793235e+272, 7.07907064024648e-304, 2.068428470151e+272,  3.40085477321653e-223, 1.33374335533635e+241, 5.94485329359848e-310,  -0.000411987395640512, NaN, 9.61418062026194e+281, -9.07899747855269e+303,  5.40810585795718e-312, 2.03881455100923e-314, 0, 2.41737141752922e+35,  -3.68996727524016e-74, 6.38034606201239e-304, 8.95158647109717e-227,  1.6189543082926e-319, 0, -1.00238703763628e+120, -1.21716680745378e+304,  -5.8236526931024e+303, 1.66402396282356e-122, -1.00252054090432e+120,  4.06890601051057e-312, 3.29165458265925, 9.64181630293645e-311,  1.39612477364024e-308, 1.34530298199491e-284, 5.73822814272868e+279,  -1.6353871244714e+135, 1.25492674043677e-321, -0.124999940395355,  2.06842915296612e+272, -1.72299831024578e-243, 2.46815371894011e-308,  NaN, -9.68343706679868e+119, 3.43104886597884e-223, NaN, -2.13357159782084e+269,  4.53801548453999e+279, NaN, 2.37636445786922e-212, 3.70266621948509e-270,  9.61276249046606e+281, NaN, 1.34497462403755e-284, 3.11098315216858e-319,  0, -0.124999999999091, 2.24454022905678e-320, 8.96831017167883e-44,  7.23393460646103e-304, 2.06842847280787e+272, 4.99207256722682e+272,  3.40086719175135e-223, 2.12199594147743e-312, -1.98437499943025,  -1.73963512862069e-122, -8.13685569400241e+307, 2.06827308939621e+272,  -0.124996185302253, -1.9999999813735, NaN, -1.00252041898494e+120,  -0.124023437464391, -9.68343704282591e+119, -2.53609908689738e-187,  1.52104658620177e-310, 7.28578184229598e-304, NaN, 6.13636723736027e-92,  3.7371824378402e+196, -1.65890940015657e-277, 1.41117910520884e+277,  -1.54591820591462e+305, 1.65167750052087e-260, 2.64619380441969e-260,  1.39067116731302e-309, 4.29140735381663e-310, 0, 8.37116099364271e+298,  2.87317536794067e-288), w = c(4.99207256722728e+272, 1.61921272794789e+265,  Inf, 9.0711262399453e-315, 1.56162560794803e-310, 7.28578184229598e-304,  NaN, NaN, 6.38062178312753e-304, -Inf, 1.29769306274078e-318,  NaN, 3.47667790715536e-310, 0, 5.20493858894496e+223, -5.65757061652877e+303,  3.76633449328534e-313, 0, NaN, 4.20840696613151e-311, -1.16580241101378e+304,  NaN, -7.74045653122002e-121, 7.06327739870653e-304, 3.2065622225303e-310,  -7.7444193967752e-121, NaN, 2.09958136856696e-319, 2.72511468519058e-108,  -2.33794079324124e-185, 1.33360364967065e+241, 3.47256969279958e+72,  3.73718243785507e+196, -3.17678798969871e-277, 1.20303920216731e-308,  1.38566325150032e-309, -1.71311916427781e-122, -2.35343743703793e-185,  -2.3534374397766e-185, 2.06842863705349e+272, 9.31646697962074e+242,  1.04163998887883e-309, 0, -Inf, 4.70457237382575e+83, 3.5570121803208e+59,  -2.24704680400307e+307, -7.74045653122002e-121, -6.26575337767551e+118,  3.78565083062863e-270, 2.48154154140297e-24, -3.6899672717033e-74,  0), x = structure(c(0, 1.27319912495605e-314, 1.95458781129032e+185 ), .Dim = c(1L, 3L)))
result <- do.call(RaceID:::applyProb,testlist)
str(result)