testlist <- list(v = c(-2.24711641857785e+307, Inf, -2.24711641857785e+307,  0), w = c(2.1331466708054e-312, 2.37636445786904e-212, -2.90875126812013e+284,  1.37196529052387e-226, 3.47256969279958e+72, 3.73718243785507e+196,  2.64619386523397e-260, 2.41750096638367e+35, -1.99982383578431,  NaN, -3.48544058891107e-190, -0.124023437464391, 0, -2.3534549753269e-185,  -4.8989214184426e+200, 2.95851449386197e-319, -2.35794477622875e-185,  -2.35812398268696e-185, -3.45377899020317e+117, 6.24436687235299e-85,  3.13434716214906e+184, 2.10674532043166e-319, -1.54591820591462e+305,  -0.000424906518311729, 1.37653215390333e-314, 2.06845563141264e+272,  9.31646697974494e+242, 1.09943119696016e+169, 8.9002954340731e-307,  -5.82804037392576e+303, 8.19190830589489e-317, 5.57354926471775e-309,  2.06842818210721e+272, NaN, 6.53867764058381e+286, 9.46135711785987e-321,  6.66134372232748e+286, 6.53867576132537e+286, 2.46288555197375e+35,  2.41737052295872e+35, 2.4173705217461e+35, 2.4173705217461e+35,  2.4173705217461e+35, 2.4173705217461e+35, 5.82211874823325e+286,  1.91681727802006e+289, 6.53867576132537e+286, -1.97036082492895e-41,  -1.21716680745378e+304, -1.11717512638398e+119, NaN, 6.20865765803513e-317,  -4.33422160748162e+116, -2.35343736826563e-185, 1.33360364967065e+241,  3.47256969279958e+72, 8.39780591474413e+217, 9.13414633366796e-307,  5.37492830353142e-317, 9.33596285359485e+58, 1.86332552525657e-307,  1.49159307797635e-317, -6.75028496418494e-125, -9.68147977726141e-123,  -7.90001867475886e+305, 8.67840552883787e+102, 8.65249656531775e+247,  -3.17678814124625e-277, 3.53524503568931e-312, 1.71324225351201e-122,  2.41750096546467e+35, NaN, NaN, NaN, NaN, NaN, NaN, NaN, NaN,  NaN, 2.41766322475528e+35, 2.4173705217461e+35, 2.4173705217461e+35,  6.92308421076402e+285, 2.06842847014058e+272, 2.06842847014058e+272,  1.06306387231586e+224, 3.60621897426107e+228, 8.90202868019104e-307,  6.19186782519251e-317, 4.77830972673648e-299, 0, 1.14078493689914e-309,  8.09477154146298e-320, -5.48612406879369e+303, -1.00252053886726e+120,  4.06890620655582e-312, -1.00238703763628e+120, 1.32064815917773e+268,  -4.16462460863201e-185), x = structure(c(2.11370674490681e-314,  1.25986739689518e-321, NaN, 9.70418706716128e-101, 9.70418706716155e-101,  3.4766779039175e-310, NaN, 8.62216119757063e-308, 7.29112109606383e-304,  0, 0, 7.06327445644526e-304, 0, 1.08409050310281e-19, NA, 0,  6.88523974299798e-310, 5.28376951948377e-312, 0, 9.07177570674995e-310,  2.43854217589068e+35, 5.82211046924685e+286, NA, 7.06346567373018e-304,  2.4173705217461e+35, 2.4173705217461e+35, 2.4173705217461e+35 ), .Dim = c(3L, 9L)))
result <- do.call(RaceID:::applyProb,testlist)
str(result)