testlist <- list(v = c(0, 0, 0, 0, 1.38525473841222e-309, 6.53867672805039e+286,  1.35531969333636e+287, 7.30248346709276e+271, 2.06842847014058e+272,  4.94661005184769e+173, 1.58511816324928e-314, 1.63401932697285e-312,  3.7025402839455e-305, 5.43230922360629e-312, 0, 4.77830972673648e-299,  0, 1.14078493689914e-309, 8.09477154146298e-320, -5.48612406879369e+303,  1.35807730725037e-312, 0, 2.59032689326815e-318, 0, -2.2226335184123e+307,  2.09712865229583e-314, 2.781342323134e-309, 0, 0, 3.22678998858213e-307,  1.1125369292536e-308, 7.29112200597577e-304, 0, NaN, 2.52467545024877e-321,  -9.94645998535176e+86, 5.30498947741318e-315, 0, 5.41115726177758e-312,  1.63401932598472e-312, NaN, 1.65780916228505e-316, NaN, 3.47667790657355e-310,  0, 4.45610827056649e-312, 3.16202013338398e-322, 0, 0, 0, -0.0444297194480896,  1.05658229938568e+34, 2.4173705217461e+35, 2.4173705217461e+35,  2.4173705217461e+35, -1.27708362636703e+305, 2.78134381516229e-309,  0, NaN, 9.63332831977259e-311, 2.3854143723775e-24, -6.69235257037451e-125,  NaN, 1.47122440651823e-315, -2.24711534706929e+307, 1.38524032332496e-309,  5.42061584171786e-312, 9.80175694664151e+281, -1.20042448647879e+303,  3.54412006572522e+59, 9.61276001327369e+281, 9.61276249046606e+281,  7.03124034623837e-304, 1.33615750414941e-309, 0, -1.999755859375,  2.06860327347807e+272), w = c(2.12199594147743e-312, -1.98437499943025,  0.124999999999154, 2.06842847014058e+272, NaN, 2.62029033199426e-312,  0, Inf, 6.53867576132537e+286, 1.89463448486069e+285, NaN, -3.05175801428299e-05,  5.4536123970322e-311, NaN, 1.23516411460312e-321, 7.81874509325274e-274,  7.46434377736955e-320, 0, NaN, -8.801371699428e+304, 4.67271536421702e-307,  8.61283692011661e-317, NaN, 3.47689007377356e-310, 5.43222665693657e-312,  -5.48612406879369e+303, 1.38525974073923e-309, 2.30880195073407e-289,  3.70252290055598e-305, 7.29112201955619e-304, 2.00000000186265,  0, 0, NA, 0, 0, 7.06394076651861e-304, 6.53892324293009e+286,  -1.53538574070623e-248, 4.09122494299932e+160, 2.06842847014058e+272,  2.32884649739705e-312, 4.05790249841223e-312, 4.1830894770505e-310,  -2.52928527736487e-29, 1.39067116124321e-309, 0, NaN, 4.94065645841247e-324,  1.02531403060493e-304, 2.07226151461452e-317, 0, 3.47667790657355e-310,  0, 6.63123684676648e-316, 0, -0.0444259643554688, 5.3686493511372e-312,  2.06845563142313e+272, 0, 0, 8.73974210394084e+62, 3.78576699573368e-270,  NaN, 0, NaN, 6.4757678266058e-319, Inf, NA, 0, 1.38525625901506e-309,  4.18308947452088e-310, NaN, 4.24399158143648e-314, -5.48612406879369e+303,  1.78005909224545e-307, 0, 1.14076371726502e-309, 8.09477154146298e-320,  0, NaN, 1.65360395915554e+271, -1.07398946476149e+306, 1.94900332160366e+289,  0), x = structure(c(1.39612477364024e-308, 1.17114688549987e+24,  0, 8.55105782171837e+245, 1.65436122510606e-24, 0, 8.28904556439245e-317,  2.03700069027398e-314, 32.5072936615907, 1.39121439248949e-308,  8.28904556439245e-317, 6.28462049546683e-87, 7.06327793312316e-304,  3.23558650804974e-319, 1.36896306173497e-309, 6.52640955530453e-319,  6.02251002684846e-317, 3.23790861658519e-319), .Dim = c(6L, 3L )))
result <- do.call(RaceID:::applyProb,testlist)
str(result)