testlist <- list(v = c(1.35807730747764e-312, 0, NA, 2.4173705217461e+35,  2.4173705217461e+35, 2.4173705217461e+35, 2.4173705217461e+35,  4.18479151651394e+288, 2.06935583826342e+272, 2.06842847014058e+272,  1.35492756155359e-306, 3.60621897426899e+228, 8.90029543402898e-307,  NaN, NaN, NaN, 6.80564733841877e+38, 2.4173705217461e+35, 2.4173705217461e+35,  2.4173705217461e+35, 2.0684284701408e+272, 2.17795464738587e-306,  2.46815371894005e-308, 1.16443471411093e-171, 2.00020873089753,  4.22371477957865e+273, 3.55686120223281e+59, -5.4870972162592e+303,  5.43230922167943e-312, 0, 1.3670860441247e-304, 0, NaN, 2.17292369095979e-311,  0, -2.35345497068868e-185, -2.35345567535212e-185, NA, 3.23363236356604e+161,  1.73940526560413e-273, 7.12023635302857e-304, 1.05560778026209e+70,  6.80702318978307e+279, 1.6259745465932e-260, NA, 2.64619380441972e-260,  -1.27733779843208e+294, 8.28904556439245e-317, 0, 4.58351115638737e-312,  0, 3.78576552912343e-270, 3.31561842338324e-316, 7.50314683502055e-121,  4.70457237382575e+83, 3.5570121803208e+59, -1.71324177563323e-122,  8.50705628216661e+36, 0), w = c(3.60621897426107e+228, 8.90202868019104e-307,  5.34972919085965e+59, 9.61212832922035e+281, 6.02760087926321e-322,  -1.98437499943025, -1.68534159998103e+308, NaN, 3.35588197522596,  2.81181266398293e+101, 1.39612477364024e-308, 8.20254168796275e-304,  5.12816368629538e-23, 4.58777984093743e+83, -6.83495195235578e+307,  -5.48612443153759e+303, 3.84081017923639e-311, 2.48073857571568e-265,  7.21122794960037e-304, 2.09712865229583e-314, -1.67533592010139e-122,  4.77830972678167e-299, 1.06306387207686e+224, 3.60621897426107e+228,  8.90029543402898e-307, 2.06842847153317e+272, 3.40085477321653e-223,  1.33374335533635e+241, 6.60757931669508e-304, 1.80406098902674e+127,  3.53052445664739e-312, 6.47581723317039e-319, 0, -1.9375, NaN,  2.46844131178143e-308, 1.16443471411093e-171, 2.32220831781137e-312,  4.22371477957852e+273, 2.06842847014058e+272, 9.31646697974494e+242,  -5.82781626251598e+303, 8.19190830589489e-317, 1.08646184497422e-311,  0, 0, 4.1830894770505e-310, -2.52928527736487e-29, 1.39067116124321e-309,  0, NaN, 4.94065645841247e-324, 1.02531403060493e-304, 2.07226151461452e-317,  0, 3.43094374641216e-223, 2.64617829792593e-260, 1.47098193392122e-315,  0, -0.0444259643554688, -1.99982862240444, -5.48612406879369e+303,  1.35807730725037e-312, -2.05032595678108e+254, 5.92197712417635e-21,  3.67670437906265e-270, 3.76633448360165e-313, 0, -2.04210600171967e+280,  2.61829961082626e+122, 2.61830011167902e+122, 1.08411601594798e-19,  9.45041721156476e+281, 9.61276249046606e+281, -1.6353871244714e+135,  -5.82365289109163e+303, 5.24066615620868e-312, 0, 8.48798316386109e-314,  2.11991543418505e-314, 0, 0, 0, 0, 0), x = structure(9.64181630293645e-311, .Dim = c(1L,  1L)))
result <- do.call(RaceID:::applyProb,testlist)
str(result)