testlist <- list(v = c(NaN, NaN, 5.41515089864077e-312, 3.78533555430539e-270,  NaN, -5.48612443153766e+303, 5.76174683020564e-98, 7.17067239264563e-316,  6.49379657647324e-140, 1.71324225643948e-122, -9.68147978712331e-123,  -2.35343736826454e-185, -0.00597426470588238, 5.99981168843394e-310,  6.05087705318637e-310, 1.29054283793418e-306, -0.124999940438329,  2.24454022905678e-320, 8.96831017167883e-44, -1.23437177608215e+304,  2.61830011167899e+122, 2.08883960673144e-314, -7.36318101690308e+303,  -7.61352658558797e+286, -1.70447452905271e+289, -1.36885671197379e-309,  -1.56342931587895e-248, 1.05658229938568e+34, 2.4173705217461e+35,  2.4173705217461e+35, 2.4173705217461e+35, 2.4173705217461e+35,  2.06843209164491e+272, 2.06842847014058e+272, 3.35357653513092e-223,  5.7772304559585e-275, -2.61059625495556e+304, -6.69235256424527e-125,  NaN, 1.47122440651823e-315, 0, NaN, 2.08883960673144e-314, 2.61830011167902e+122,  1.75758786239293e+59, 9.61212832922035e+281, 9.61276249046606e+281,  -1.20042448647879e+303, 2.08883960673144e-314, 9.61276001327369e+281,  9.61276249046606e+281, 7.03124034623837e-304, 1.33615750414941e-309,  9.64181630293645e-311, 0, -1.55247308328162e+305, 1.05717360410693e-255,  2.06842847015095e+272, 2.07538175847332e+272, 6.02760087926321e-322,  -1.98437499943025, -1.73963512862069e-122, -9.92433627316192e+119,  1.04163993869177e-309, -9.68343704282591e+119, 2.22507386257134e-309,  3.25938962581783e-312, -8.03082519930786e+305, 3.43094374543289e-223,  -1.96485533105288e+307, 8.93764753326815e-321, 1.78005909224535e-307,  0, 4.34584737989688e-311, 0, NA, -1.55243959864152e+305, NaN,  NaN, 4.91612181727223e+223, 6.95356551753159e-310, -0.025001525558813,  -0.124999990883993, -5.48612406879392e+303, 1.58941648644373e-314,  3.8043054729776e-322, 4.77830972673648e-299, 0, 1.14078493689914e-309,  8.09477154146298e-320, 0, NaN, NaN, NaN, 0), w = c(3.2593897606434e-312,  8.39780591474288e+217, -0.00855736825980389, 7.17067239264563e-316,  6.49379657647324e-140, -7.66070817270908e-121, -2.35343736826558e-185,  -2.35343736826563e-185, 2.06842847014313e+272, 1.35492756155359e-306,  1.38495072895757e+219, 5.43252080277174e-310, 3.55701117031937e+59,  9.61276001327369e+281, -7.8804012392789e+115, -0.124996185302595,  1.71334535360375e-122, -1.50341776999598e-121, 1.56867706918077e-305,  -6.90464374781508e-74, 1.38898821086596e-309, 3.54146254939006e-320,  3.47244113731042e+72, 9.25074782801064e-306, 0, 3.77384487429087e+242,  NaN, -5.48612443153759e+303, -Inf, 2.64617829793575e-260, -1.02358828977581e+270,  NaN, -2.97369594613778e+284, -2.22260689247393e+307, NA, 7.61092894767103e-121,  NaN, 6.60670833319823e-304, 3.88410109578916e-310, -5.48746333192824e+303,  -2.6105962596279e+304, -6.69235256424527e-125, -1.77273161131179e-125,  2.48154032040978e-24, 0, 0), x = structure(1.90124195454575e-305, .Dim = c(1L,  1L)))
result <- do.call(RaceID:::applyProb,testlist)
str(result)