testlist <- list(v = c(-8.94635323947792e-125, 3.43094374643093e-223, -1.96485533105288e+307,  1.50200973432436e-307, 6.53902428466641e+286, 2.06842847019586e+272,  2.46815371894011e-308, 1.00020238441442e+242, 5.94485329359848e-310,  -0.00041198739563697, 2.06830464999356e+272, NaN, 3.45795987724642e-223,  6.53867576135404e+286, 6.5386757613245e+286, NaN, 6.32121730087313e+284,  -1.70447452905271e+289, -1.70447452905271e+289, -1.70447452905271e+289,  -1.67497676051635e+289, 6.55447713830259e+286, 2.41725801901749e+35,  2.4173705217461e+35, 2.4173705217461e+35, 2.4173705217461e+35,  -Inf, 2.06842847019584e+272, 2.06842847014058e+272, 1.61921272794789e+265,  1.9172102715593e+68, -8.77780208858115e+304, 2.0917922563356e+272,  3.78576572855899e-270, 9.61276249046606e+281, 6.80485057537534e+38,  2.4173705217461e+35, 1.53853552221423e-266, -1.71324225456858e-122,  Inf, 9.64181630293645e-311, 0, 6.40623275995629e-145, 2.61817189337236e+122,  2.61830011167902e+122, NaN, 6.80702318978305e+279, 0), w = c(2.06842857623934e+272,  4.94716940765033e+173, 6.80685374166984e+279, 3.96573944649364e-317,  -1.99996266083326, NaN, -5.57670494225772e-189, -0.12401419874445,  1.73940542398256e-273, 3.54340867396902e-317, 0.124996139435099,  2.0684284701332e+272, 1.72723371101889e-77, 1.94884137616493e+289,  5.58698493989959e+286, 6.53867576132537e+286, -1.99996266084559,  2.42522003574093e-319, -4.07287090387863e-185, 1.06306440157359e+224,  8.34403778725466e-310, 3.77384487429087e+242, -4.66320480992608e+304,  -3.16681737362072e-277, -9.68169852769107e-123, -1.37153101719842e+304,  -1.65435053267878e-124, -2.35794450117824e-185, -2.35812398268696e-185,  2.07936727454998e+272, 1.61921272794789e+265, 1.9172102715593e+68,  -8.77780208858115e+304, 2.0917922563356e+272, 3.78576572855899e-270,  1.01522935857838e-314, NaN, -2.97369594613778e+284, -1.0024893295419e+120,  -2.22250563573121e+307, NaN, -3.68996727245176e-74, 8.36490790561988e-310,  0, -8.03082519930786e+305, 1.08420180958056e-19, 8.18930180583704e-272,  2.41737052373651e+35, 2.4173705217461e+35, 2.4173705217461e+35,  2.4173705229792e+35, 2.06842848428708e+272, 2.06842847014058e+272,  2.46815371894011e-308, 1.16443471411093e-171, 2.00020873089753,  4.22371477957865e+273, 5.43225395588166e-312, 1.38338380835549e-322,  8.67840425568597e+102, 2.44919988246295e+201, -9.94530311333127e+119,  -0.00256340363445693, 2.42522003574093e-319, -4.07287090387863e-185,  -4.08806320202215e-185, 4.70457237382584e+83, -6.83495195235578e+307,  -5.48612443153759e+303, 3.84081017923639e-311, -2.46066137873141e+260,  2.61816007849578e+122, NaN, 2.91498731046335e-322, 0, 0, 0, 0,  0, 0, 0, 0, 0, 0, 0, 0, 0), x = structure(c(1.24978552383655e-221,  1.24978552383655e-221, 1.24978552383655e-221, 1.24978552383655e-221,  1.24978552383655e-221, 1.24978552383655e-221, 1.24978552383655e-221,  1.24978552354556e-221, 0, 0, 0, 0, 0, 0, 1.3684555315672e-48,  0, 6.02251002684846e-317, 3.5175325640577e-310, 2.06842915296612e+272,  1.09844481505073e-314, 8.28904605845809e-317, 2, 2.11990676827362e-314,  6.53495821905416e+286, 4.0688466796296e-312, 2.39826583495867e-21,  1.90359856625428e+185), .Dim = c(9L, 3L)))
result <- do.call(RaceID:::applyProb,testlist)
str(result)