testlist <- list(v = c(-1.23827457859049e+294, 2.06827308940597e+272, 1.31001187470506e-306,  5.45947077099545e-310, 2.41737052175743e+35, 2.4173705217461e+35,  2.4173705217461e+35, 2.4173705217461e+35, 3.87206480279438e-310,  -1.55247308328162e+305, -5.48712542869004e+303, 7.0790724774101e-304,  -7.10001640643692e+139, 1.03846036199843e+34, 2.4173705217461e+35,  2.30675793017823e+272, 1.5236984517744e-319, 0, 0, 6.53866482070396e+286,  2.41737052299704e+35, -0.124999956991158, 2.24454022905678e-320,  3.472441130729e+72, 2.48154183333292e-24, 5.05543038561736e-304,  6.8056465154871e+38, 2.4173705217461e+35, 6.92308421076402e+285,  2.06842847014056e+272, 2.06842847013566e+272, 9.31646697974494e+242,  1.33374403903697e+241, 5.94485329359848e-310, 1.03882303959353e-309,  1.30990564450437e-306, -7.61535618534756e+286, 2.43875056763418e+35,  2.06842847019584e+272, 2.06842847014058e+272, 1.61921205527439e+265,  3.60599309817181e+228, -1.65435053268906e-124, -2.35794450117824e-185,  -0.124999976158142, 2.24454022905678e-320, 8.96831017167883e-44,  -1.23437177608215e+304, 2.61830011167899e+122, 2.61830011167902e+122,  -1.55245189704911e+305, 9.61276248078953e+281, 3.44426042949967e-258,  6.32490851843926e-310, NaN, 9.61276249042826e+281, -9.07899747855269e+303,  5.40810585795718e-312, 5.43147741247154e-312, 0, NaN, 6.20865765803513e-317,  0, 0, 3.77384487429087e+242, NaN, 1.05656089833928e-19, 6.63123363533978e-316,  8.67840425562079e+102, -0.00249404087660702, -1.98421221597528,  -2.2617174147306e-272, 1.65275185240559e-224, -5.48621693628144e+303,  3.84081017923639e-311, 1.35531969333636e+287, 2.4173708448612e+35,  2.4173705217461e+35, 2.4173705217461e+35, 2.4173705217461e+35,  1.36474171895329e+36, 4.18479151651394e+288, 2.06843209267231e+272,  1.65451900018732e-24, 2.06842847014083e+272), w = c(1.73940526560413e-273,  7.12023635302857e-304, 1.05560778026209e+70, 6.80702318978307e+279,  3.96573944649364e-317, 1.38984033752893e-309, 7.29065082757937e-304,  2.32093289636827e-315, -7.90002535537858e+305, -1.59097597765522e+305,  -1.73964089924872e-122, -9.92433627316192e+119, 1.04163993869177e-309,  7.29023199001299e-304, -1.00252053913027e+120, 2.05301008752155e-312,  -1.00238703763628e+120, -2.35328025937145e-185, 2.06842818210721e+272,  NaN, 6.53867764059765e+286, 2.06843233450636e+272, NaN, 3.54462323280364e+267,  6.53867576132537e+286, 5.40866601738303e+262, 2.41737052175669e+35,  2.4173705217461e+35, 2.4173705217461e+35, 2.4173705217461e+35,  2.4173705217461e+35, 7.81529435585069e+285, 6.53866482737751e+286,  2.41737052299704e+35, 6.49015819003699e+286, -Inf, 2.41737052175669e+35,  2.4173705217461e+35, 2.4173705217461e+35, 2.4173705217461e+35,  2.4173705217461e+35, 6.92308421076402e+285, 2.06842847014056e+272,  2.06842847013566e+272, 9.31646697974494e+242, 1.09940816252153e+169,  5.43230922625522e-310, -2.11604788855378e+265, 1.21046083231105e-321,  0, -3.36329623629549e+257, -3.68996727170329e-74, 1.38525974096167e-309,  2.84814072375331e-306, NaN, 3.54462323280364e+267, 6.53867576132537e+286,  3.24956949128358e+284, Inf, -0.124014155771218, 3.472441130729e+72,  2.46830497354684e-308, -Inf, 2.77451775935006e+180, 2.77448001762435e+180,  2.77448001762435e+180, 2.77448001762435e+180, 2.77448001762435e+180,  NaN, 2.77448001762435e+180, 2.77448001762435e+180, 2.77448001762435e+180,  2.77448001762435e+180, 2.77448001762435e+180, 2.77448001762435e+180,  2.77448001762435e+180, 2.06926364164204e+272, 6.53867576135393e+286,  8.47569178843765e+62, 2.06839855733271e+272, -0.00597426470588235,  5.43230922625917e-310, -2.35345567535527e-185, 2.06847119984531e+272,  0), x = structure(c(NaN, Inf, 8.55018360653233e+245, 8.22670794340181e+62,  NA, 9.17648758429637e+199, 0), .Dim = c(7L, 1L)))
result <- do.call(RaceID:::applyProb,testlist)
str(result)