testlist <- list(v = c(1.63401932598472e-312, NaN, 1.65780916228505e-316,  NaN, 3.47667790657355e-310, 0, 4.45610827056649e-312, 3.16202013338398e-322,  0, 0, NaN, 1.47122440651823e-315, 2.1303173425907e-313, 0, 5.52886340681355e-222,  2.12196442323148e-314, 0, 1.57792705123078e+111, NaN, -4.84073931512146e-122,  2.3811838121177e-35, 7.11750304968475e-38, 7.11750304968475e-38,  7.11750280445752e-38, 7.11750304968475e-38, 7.11750304968475e-38,  1.82033941806266e-317, 0, 8.96831017168393e-44, -3.88625652071364e-77,  -5.90082642180746e-74, 1.95458780853993e+185, -3.68996727524016e-74,  6.38034606201239e-304, 8.95158647109717e-227, 1.6189543082926e-319,  0, -1.00238703763628e+120, -1.21716680745378e+304, -1.11717512638398e+119,  NaN, 6.20865765803513e-317, -6.75028496418494e-125, -1.65454977394257e-124,  3.47244113074443e+72, -3.35840404072346e+117, 6.24436687235299e-85,  -2.62777756111695e-301, 2.41737052373652e+35, 2.4173705217461e+35,  -1.21723351343939e+304, -2.08212600444896e+269, 6.98433247096157e+285,  9.98586254339391e-315, 2.4173705217461e+35, -0.00130040131363214,  8.22652235925457e+62, -1.82721381904943e+289, 2.06842848429114e+272,  2.41737008055398e+35, 6.49456535688652e-140, 1.71324225643948e-122,  -4.4942328371558e+306, 3.76633449328534e-313, 0, -2.04210600171967e+280,  2.61829961082626e+122, 2.61830011167902e+122, 1.08411601594798e-19,  9.45041721156476e+281, 9.61276249046606e+281, -1.6353871244714e+135,  -1.76967186688591e+260, 0, -5.48612406879369e+303, 6.92446207526434e+274,  -7.41119562458923e-268, 2.06842847055503e+272, 8.90029859050473e-307,  -1.99996266083326, 2.46288580872541e+35, 2.4173705217461e+35,  2.4173705217461e+35, 2.4173705217461e+35, 2.4173705217461e+35,  2.4173705217461e+35, 6.92308421076402e+285), w = c(2.2445268495805e+36,  5.40866602095717e+262, 2.41737052175669e+35, 2.4173705217461e+35,  2.4173705217461e+35, 2.4173705217461e+35, 2.4173705217461e+35,  2.4173705217461e+35, 2.06842848428708e+272, 2.06842847014058e+272,  2.46815371894011e-308, 1.16443471411093e-171, 2.32220831781137e-312,  3.23790861658519e-317, -0.0444335639476776, 5.41144003237952e-312,  1.38338380835549e-322, 8.39780591474287e+217, -0.00855736825980389,  5.39435545879154e-317, 8.18930180583682e-272, 1.62597454370943e-260,  3.25060610368331e-318, NaN, NaN, 2.74458406921271e-319, 0, 0,  0, 0, 0, 0, 0, 0, 0, 0, 0, 0, 0, 0, 0, 0, 0, 0, 0, 0, 0, 0, 0,  0, 0, 0, 0, 0, 0, 0, 0, 0, 0, 0, 0, 0, 0, 0, 0, 0, 0, 0, 0, 0,  0, 0, 0, 0, 0, 0, 0, 0, 0, 0, 0, 0, 0, 0, 0), x = structure(c(2.68568963335652e-135,  3.15615967913918e+267), .Dim = 1:2))
result <- do.call(RaceID:::applyProb,testlist)
str(result)