testlist <- list(v = c(1.06286856754534e-255, 2.46830497355176e-308, 2.50320809907731e-308,  2.52961610670718e-321, 8.48798316386109e-314, 2.17292368994844e-311,  0, -7.20020116974592e+303, 2.06935584087113e+272, 2.3884565549374e+35,  2.4173705217461e+35, -1.98421221330178, NA, 1.94810925219064e+289,  NA, -3.68996727166776e-74, 1.38525974096167e-309, 2.70491186170893e+272,  NaN, NaN, 6.20215679167371e-316, -1.0739894713784e+306, 6.53867576132537e+286,  -1.95873552178005e-41, 2.41744999193556e+35, 2.4173705217461e+35,  2.4173705217461e+35, 2.4173705217461e+35, 2.4173705217461e+35,  2.30576737793235e+272, 2.06843233450635e+272, 6.53867576132548e+286,  7.28578184229608e-304, -1.55243959863765e+305, 8.39780591474288e+217,  6.66183484237726e+286, -1.99975588724894, NaN, NaN, NaN, -1.05522189380698e+270,  3.43094374642457e-223, -1.69959801409733e-122, -1.00252054090247e+120,  1.04163998887936e-309, -9.68343704282591e+119, 1.38096238201437e+58,  -1.6817306611684e-122, -2.32544470284064e-185, -2.35812398268696e-185,  -2.05032595679126e+254, -0.000427197466706275, 2.5903219526117e-318,  -0.124999966938049, 9.43665383556781e-322, 0, 1.33360288657597e+241,  3.47256969279958e+72, -1.09366830102683e-303, -8.33536299723333e+298,  2.0684320926825e+272, 2.41725757656325e+35, 2.4173705217461e+35,  2.4173705217461e+35, 2.4173705217461e+35, 2.4173705217461e+35,  2.4173705217461e+35, 2.17292768159125e-311, 5.562684646268e-309,  1.08646574564226e-311, 0, NaN, -0.000427197466706275, 2.5903219526117e-318,  5.35024630713069e+59, 4.47041323516912e-305, -1.98421221597528,  1.663370420672e-37, NaN, NaN, NaN, NaN, 0), w = c(NaN, 2.4173705217461e+35,  6.92308421076402e+285, 0), x = structure(c(2.55638081110884e-312,  3.31561842338324e-316, 5.92878775009496e-322, 4.14680136779185e+272,  2.09173808785144e+272, 7.23026333886297e+221, 0, 1.0169386082834e-305,  4.74855783714266e-122, 2.09754901960784, 7.11750304583805e-38,  0, 2.12199579096527e-313, 1.30353691872455e-307, 1.80361843175197e-223,  7.56995713256582e+25, 1.90359929206694e+185, 1.10639270315223e+74,  1.98838553035172e-289, 2.36441259012515e-308, 0, 1.06718179501709e-321,  4.45348071008645e-120, 3.48110013678827e-308, 2.61850185214044e+122,  1.90359850014882e+185, 1.86969490488843e+185, 2.05269665954833e-289,  1.3526449969929e-309, 2.44023763272086e-312, 8.22690069139715e+62,  1.38690111691576e-309, 5.36067678827192e-222, 1.78283047385218e-125,  1.34178046046193e-309, 5.36067678827192e-222, 1.78283047385214e-125,  2.28216718393044e+36, 3.87206480279438e-310, 2.4173705217461e+35,  1.14671380361021e+105, 2.80569242881671e-305, 5.97372892560592e-299,  2.438351282551e+35, 1.19297771212747e-312, 7.11750304968475e-38,  7.11750304968474e-38, 1.3801657351874e-37, 5.87747175415269e-39,  2.06827369137323e+272, 6.56934548506272e+286, 2.86915533367657e+248,  0, 1.69081484721022e-306, 1.08828452264889e-305, 2.51558506631137e-305,  7.29049725268841e-304, 2.51920354033766e-139, 1.97626258336499e-323,  1.13195935985188e-72, 2.05226840064919e-289, 5.414239259373e-312,  7.65790108507388e+279, 4.94738523725631e-316, 0, 3.23785921002061e-319,  32.0000000002465, 2.06842847014182e+272, 1.56623790407277e+272,  8.68782147271813e-227), .Dim = c(10L, 7L)))
result <- do.call(RaceID:::applyProb,testlist)
str(result)