testlist <- list(v = c(NA, NA, 3.40085477321653e-223, 4.02195295557084e-87,  1.30990564450437e-306, 1.6545189972871e-24, 2.03673051250223e+272,  NaN, -1.98437422513962, 6.53867576866607e+286, 6.53867576110378e+286,  7.29023366699881e-304, 8.94958977775758e-227, -1.70447452905268e+289,  2.40633795280809e-135, 1.04300546001486e-308, -7.61535618534756e+286,  1.35541299635807e+287, 2.38856982322401e+35, 2.4173705217461e+35,  2.4173705217461e+35, 2.4173705217461e+35, 2.4173705217461e+35,  2.06842848428708e+272, 2.06842847014058e+272, 2.46791605541152e-308,  1.08501450769284e+169, 1.05495758916022e-19, -4.07273007801539e-185,  -1.99990234375, -5.48612407021066e+303, Inf, 2.91498731046335e-322,  -2.04210600171967e+280, 2.61829961082626e+122, 2.61830011167902e+122,  1.08411601594798e-19, NaN, 9.61276249042826e+281, -9.07899747855269e+303,  5.40810585795718e-312, NaN, 9.61276249046591e+281, NaN, 0), w = c(-1.70938627491396e-122,  -2.2357048664111e+266, -4.27210481672251e+304, 1.69759581356197e-313,  3.472441130729e+72, 8.90029859050456e-307, -1.99996266083326,  NaN, 1.15162324167959e+164, 8.67791726305254e+102, -6.56991374066941e+124,  -Inf, -8.13685300605216e+307, 8.28853865303982e-317, 3.47286574991382e+72,  -3.35840404072346e+117, 3.76633449328534e-313, 9.83247405884641e-309,  -2.22263376549228e+307, NaN, -0.124999999999119, 2.33589296669637e-307,  -2.35812398269011e-185, 2.07936727454998e+272, 1.61921272794789e+265,  1.9172102715593e+68, -8.77780208858115e+304, 2.0917922563356e+272,  3.78576572855899e-270, 1.01522935857838e-314, NaN, -7.36318101695497e+303,  -2.01738272101318e+118, -2.22250563573121e+307, NaN, -3.68996727245176e-74,  -Inf, 0, -8.03082519930786e+305, -1.55247308214866e+305, -1.71324225456864e-122,  2.45076411369956e+35, 2.4173705217461e+35, 2.4173705217461e+35,  3.43094374641278e-223, NaN, 5.28564111979116e-308, 1.30294416221364e-284,  -1.34765550943377e+28, -1.34765550943381e+28, -1.34765550943381e+28,  -1.34765173154062e+28, -1.34765550943381e+28, -1.34765550943381e+28,  3.89387925241998e-308, -Inf, NaN, NaN, 1.04163998887936e-309,  3.43184777203925e-307, 2.07538175847332e+272, -2.07087737588579e+289,  2.36466298566073e-308, 1.450822537806e+248, -3.1767881389471e-277,  3.52284457533876e-312, NaN, -2.97369594613778e+284, -1.0024893295419e+120,  -0.124999990883995, -7.88040123927923e+115, 1.72741279061524e-69,  -1.70938627491396e-122, 3.47269893521907e+72, -6.03399331110886e+304,  -3.12824403113168e-277, 2.07538175847332e+272, -1.37153101719842e+304,  9.25318644545093e+58, 2.41737166497386e+35, 2.4173705217461e+35,  3.98440921471368e-308, NaN, 3.53739623738901e+59, 0), x = structure(c(4.62739177661941e+122,  7.5878240655905e-269, 5.76739145776245e-305, 8.30136904379667e-317,  1.60218549518204e-306, 2.29677716054326e+69, 1.96281502960579e+177,  1.88349194541277e-307, 9.52110895611079e+274, 7.81452573200707e-35 ), .Dim = c(1L, 10L)))
result <- do.call(RaceID:::applyProb,testlist)
str(result)