testlist <- list(v = c(NaN, 2.11300332126043e+272, NaN, NaN, NaN, NaN, 7.2911220195564e-304,  1.18191012943328e-125, -2.35343736603967e-185, -2.8728499943349e-188,  1.5201416494023e+36, -0.00130040149916906, 8.22652235925457e+62,  -1.82721381904943e+289, 2.06842848429114e+272, NA, 2.41737052002278e+35,  -0.00130040131363214, 1.07494751480917e+195, 1.09010643889161e-32,  NaN, 2.17795464744407e-306, 9.13414633361355e-307, 5.37543422675276e-317,  1.18009719734221e+288, -7.91502662978232e+115, -0.124996185302595,  1.71334487572497e-122, 3.76134251739326e+228, -1.65784060312952e-249,  -1.8505036321952e+117, -3.0523158715656e-05, 2.31987335984949e+272,  8.90111347588855e-307, -0.12499763567666, 1.27605887595438e+38,  6.18443460755082e-317, -2.24711625470005e+307, -7.74045653122002e-121,  NA, 4.52120969772801e-305, -7.8804012392789e+115, 7.11750304968475e-38,  7.11750304968475e-38, 7.11744027151355e-38, 7.11750304968475e-38,  7.11750304968475e-38, Inf, 0, 3.23790861658519e-318, 5.52894194440203e-222,  -5.3928932092918e-26, 1.39234572115085e+188, -3.68996817714373e-74,  -2.03314002120188e+289, 5.23337023858388e-304, 4.14453142834503e-317,  0, -9.68343704282591e+119, 3.43104886597884e-223, -6.69235413738316e-125,  -6.97927922946546e+307, 1.58941648644373e-314, 1.50347607897155e-121,  1.08420382684673e-19, -7.90001867475886e+305, 8.67840552883787e+102,  8.65249656531775e+247, -3.17678814124625e-277, 2.41737103129551e+35,  2.4173705217461e+35, 3.45795878301295e-223, -6.5325886338608e+121,  2.32614391211503e+36, 2.55638081171654e-312, 2.41737052174607e+35,  8.47699468350727e+102, NaN, -8.33536299723323e+298, 2.0684320926825e+272,  -1.98413085937503, NaN, -4.5380154677667e+279, 5.35024630713092e+59,  NaN, 7.29065082747327e-304, 0), w = c(-9.92552447312868e+119,  -4.16462461047936e-185, 1.93892160431707e-314, -6.75028496418494e-125,  -1.70938627491396e-122, -1.58685396650649e+202, 3.73718243785507e+196,  -2.62777743527008e-301, 1.38068954437824e-314), x = structure(c(8.1190746787264e+102,  5.4301543065346e-312, 2.4173705217461e+35, 2.41741513802777e+35,  2.49230249209672e+35, 8.28904605845809e-317, 5.43230922486616e-312,  4.94065645841247e-324, 4.94065645841247e-324, 4.94065645841247e-324,  4.94065645841247e-324, 4.94065645841247e-324, 6.83542689333412e-304,  7.2911220195564e-304, 2.89689872451544e-312, 6.53867576132538e+286,  6.42529071916206e+286, 2.4173705217461e+35, 2.4173705217461e+35,  2.4173705217461e+35, 2.41737069602845e+35), .Dim = c(3L, 7L)))
result <- do.call(RaceID:::applyProb,testlist)
str(result)