testlist <- list(v = c(NA, -7.40655628157584e+304, 2.06842846901545e+272,  NaN, 6.53867576866627e+286, -1.07398947259936e+306, 1.94906280228e+289,  5.58698493989959e+286, 6.53867576132537e+286, 5.34906223546799e+286,  2.41737052174614e+35, 2.4173705217461e+35, 2.4173705217461e+35,  2.4173705217461e+35, 2.4173705217461e+35, 2.30675793017823e+272,  1.63100339038265e-65, 2.41737052175098e+35, 6.53848623956252e+286,  5.34906223548487e+286, 2.41737052174614e+35, 2.4173705217461e+35,  Inf, 2.4173705217461e+35, 2.4173705217461e+35, 3.11789031127824e-99,  2.06842847014058e+272, 2.06842847014056e+272, 1.06306387231586e+224,  -0.00232281929089595, 5.43230922625522e-310, 2.41737052175743e+35,  2.06843209164491e+272, 9.98586254339391e-315, 1.33392844340985e+241,  NaN, NaN, NaN, 2.068428470151e+272, 1.61921205527439e+265, 3.60599309817181e+228,  -1.65435053268906e-124, -2.35794450117824e-185, -0.124999976158142,  2.24454022905678e-320, 8.96831017167883e-44, -1.23437177608215e+304,  2.61830011167899e+122, 2.61830011167574e+122, -1.55245189704911e+305,  9.61276248078953e+281, 3.44426042949967e-258, 1.3844750996383e-309,  NaN, -Inf, -9.07899747855269e+303, 5.40810585795718e-312, 2.03881455100923e-314,  0, -2.22956081737217e+307, 2.06842847280787e+272, 4.99207256722682e+272,  Inf, NaN, NaN, NaN, -1.00238765329262e+120, NaN, -2.97369594752269e+284,  -6.56991407008577e+124, NaN, NaN, 2.41737052464154e+35, 0, 3.54438021329823e+267,  -1.00252054002725e+120, 7.29179474990188e-304, 2.05565106070374e-314,  -2.35328025616872e-185, 1.4538903898998e+135, -1.5174634167e+308,  -8.02129509251406e-05, -5.82365451203298e+303, 2.84814072371316e-306,  -1.66400433841182e-122, -2.35323263437235e-185, 0), w = c(8.34403778725466e-310,  3.77384487429087e+242, -4.66320480992608e+304, -3.16681737362072e-277,  -9.68169852769107e-123, -1.37153101719842e+304, -1.65435053267878e-124,  -2.35794450117824e-185, -2.35812398268696e-185, 2.07936727454998e+272,  1.61921272794789e+265, 1.9172102715593e+68, -8.77780208858115e+304,  2.0917922563356e+272, 3.78576572855899e-270, 1.01522935857838e-314,  NaN, -2.97369594613778e+284, -1.0024893295419e+120, -2.22250563573121e+307,  NaN, -3.68996727245176e-74, 8.36490790561988e-310, 0, -8.03082519930786e+305,  1.08420180958056e-19, 8.18930180583704e-272, 2.41737052373651e+35,  2.4173705217461e+35, 2.4173705217461e+35, 2.4173705229792e+35,  2.06842848428708e+272, 2.06842847014058e+272, 2.46815371894011e-308,  1.16443471411093e-171, 2.00020873089753, 4.22371477957865e+273,  NaN, 2.59898715799524e-312, -6.97927559894218e+307, NaN, -9.94530432121664e+119,  -0.00256340363445693, 2.42522003574093e-319, -4.07287090387863e-185,  -4.08806320202215e-185, 4.70457237382584e+83, -6.83495195235578e+307,  -5.48612443153759e+303, 3.84081017923639e-311, -1.96691176471358,  2.13607090418243e-306, -1.6754239764572e-122, -4.69419405467373e-122,  6.3797352437897e-304, 8.67900980794527e+102, -0.00249404087660702,  -1.98421221597528, -1.55261596855564e+305, 2.06842846902429e+272,  NaN, 6.53867576866627e+286, 6.53867576110378e+286), x = structure(c(4.62739178153173e+122,  4.62739178153174e+122), .Dim = 2:1))
result <- do.call(RaceID:::applyProb,testlist)
str(result)