testlist <- list(v = c(-1.65454977394257e-124, 3.47244113074443e+72, -3.35840404072346e+117,  6.24436687235299e-85, -2.62777756111695e-301, 2.41737052373652e+35,  2.4173705217461e+35, -1.21723351343939e+304, -2.08212600444896e+269,  6.91230508945718e+285, 9.98586254339391e-315, 2.58981145570564e-307,  4.24399360562343e-314, 0, 0, 1.63401932697285e-312, 3.7025402839455e-305,  5.43230922360629e-312, 0, 4.77830972673648e-299, 0, 2.12196341187911e-314,  5.05923221341436e-321, 1.29516344663408e-318, -0.000175446271896362,  3.47667790657355e-310, 0, 4.45610827056649e-312, 3.16202013338398e-322,  1.1125369292536e-308, 1.04109357496338e-309, 3.22526053605166e-319,  3.50593675163509e+72, 8.65250086406246e+247, -1.99999999999995,  5.74696665176892e-318, 0, 5.52894194440266e-222, 1.72050443300735e-122,  -1.00248113889813e+120, -0.12499998504008, 2.24454022905678e-320,  8.96831017167883e-44, -1.23437177608215e+304, -0.0442409286079055,  -0.0444262027739335, 2.49067990551812e+35, 2.4173705217461e+35,  -1.27708362636958e+305, 8.73973597395868e+62, -5.48612406879369e+303,  2.781342323134e-309, 0, 4.45619115976226e-312, 3.16202013338398e-322,  -9.63563770543962e+86, 5.30498947741318e-315, 0, 0, 0, 8.37116099364271e+298,  4.52120969559953e-305, -7.8804012392789e+115, -2.35345497533016e-185,  3.10132367778779e-267, 3.55505058601978e+59, -0.124997635676662,  -2.97367077571964e+284, 2.02865103518265e+272, 2.46815371894011e-308,  1.00020238441442e+242, -5.53433874802772e+303, NaN, 7.29112250164721e-304,  3.785322578948e-270, NaN, NaN, -1.984375, -1.71311916427781e-122,  -2.35343743703793e-185, -2.3534374397766e-185, -0.0435154020786285,  -5.76425029359723e+303, -1.99999999639112, 2.34229377581559e+24,  2.38285157462019e-315, 1.33392844340985e+241, 1.13186288857167e-72,  -1.4403822236964e-277, 1.6355363668603e+282, 2.06842847016034e+272,  -5.82365451195346e+303, 0, 5.06911352633119e-321, NaN, 1.35807730747764e-312,  0, 5.42697533705434e-312, 1.3684555315672e-48, -1.23437177608215e+304 ), w = c(-1.55245189704911e+305, NaN, 9.61127733451052e+281,  4.77830754152198e-299, 2.17134910797566e-24, 9.45041721156476e+281,  9.61276249046606e+281, -1.6353871244714e+135, -1.76967186688591e+260,  0, -5.48612406879369e+303, 6.92446207526434e+274, -7.41119562458923e-268,  2.06842847055503e+272, 8.90029859050473e-307, -1.99996266083326,  NaN, -2.13357159782084e+269, 8.22427009976314e-317, 2.50320809907727e-308,  2.52961610670718e-321, 8.48798316386109e-314, 2.17292368994844e-311,  -Inf, NaN, -1.68698314886762e+305, 1.7573898245782e+159, 2.84878171562307e-306,  1.29973443945468e-274, 5.41110092245915e-312, 1.38338380835549e-322,  NaN, NaN, NaN, NaN, 0), x = structure(1.45447985479205e-319, .Dim = c(1L,  1L)))
result <- do.call(RaceID:::applyProb,testlist)
str(result)