testlist <- list(v = c(0, 0, 0, 0, 2.46830497355173e-308, 0, 3.55701218031209e+59,  1.03882370259073e-309, -2.97367077571958e+284, -1.99982862240444,  NaN, 0, -4.84014898293011e-122, -2.62777756113173e-301, 2.41737052373652e+35,  2.4173705217461e+35, -1.21723351343939e+304, -2.08212600444896e+269,  2.06842818210721e+272, NaN, 6.53867764058381e+286, 9.46135711785987e-321,  2.77448016505297e+180, 2.77448001762435e+180, 2.77194735431327e+180,  -0.124996185302185, -1.71324177561803e-122, -2.35343736853318e-185,  -2.35343736854388e-185, -2.22250563469714e+307, 4.55681002768786e-305,  -1.68173066117987e-122, NaN, 1.30295045512645e-284, 2.15162051666878e-312,  6.53587858514994e+286, 6.42436133648614e+286, 7.30248079685974e+271,  2.06842847014058e+272, 8.90029834508693e-307, -4.69419405693124e-122,  3.47244113074443e+72, -3.35840404072346e+117, 6.24436687235299e-85,  -2.62777756111695e-301, 2.41737052373652e+35, 2.4173705217461e+35,  -6.77108617613216e-05, 8.22652235925457e+62, -1.82721381904943e+289,  7.1704968772294e-304, -7.10002094917895e+139, 2.30583537716104e+272,  6.54423540940963e-310, 2.41737052002269e+35, 2.4173705217461e+35,  7.0790724774101e-304, -7.10002094917895e+139, 2.326143907166e+36,  2.55638081171654e-312, 8.3440377872471e-310, 1.39065648977587e-309,  3.54146254939006e-320, 3.47244113731042e+72, -1.94946288800999,  -1.37165284530992e+304, -1.65435053267878e-124, -2.35794450117824e-185,  -2.35812398268696e-185, 2.07936727454998e+272, 1.61921272794789e+265,  7.06346567373018e-304, 3.8043054729776e-322, 4.77830972673648e-299,  0), w = c(-5.48612406879369e+303, 1.35807730725037e-312, 0, 0,  0, 0, -4.33422293211029e+116, -2.35345595067677e-185, -1.58677892252868e+202,  -7.8804012392789e+115, -2.35343743704212e-185, -1.56764270704508e+202,  NaN, 6.68579759933899e+252, -6.58014480918121e-123, -1.37153101719842e+304,  NaN, 1.34556503981369e+287, 2.30583470958831e+272, 8.90111347588855e-307,  NaN, 2.59898715799524e-312, -6.97927559894218e+307, NaN, -9.94530432121664e+119,  NaN, 1.05495758916473e-19, -1.67542397602837e-122, 1.5686770691808e-305,  2.05128001490714e+83, -6.83495195235578e+307, -5.48612443153759e+303,  3.84081017923639e-311, -2.20826937210957e+307, 1.05495758915687e-19,  NaN, 1.36456000335917e-308, 9.61276000279398e+281, -7.8804012392789e+115,  -0.124996185302595, 1.71334535360375e-122, -1.00248113889813e+120,  4.06890601051057e-312, -1.00238703763628e+120, 3.60621897426109e+228,  8.90202868019104e-307, 5.34972919085965e+59, 9.61212832922035e+281,  6.02760087926321e-322, -1.98437499943025, -1.73963512862069e-122,  -9.92433627316192e+119, 1.04163993869177e-309, -9.68343704282591e+119,  7.64841538783819e-121, 8.69170708047378e-312, NaN, 0, 3.43104886597875e-223,  -6.69235413738316e-125, 2.74828311560066e-135, 1.29729802105236e-309,  3.23089288441425e-319, -0.121096074348316, -7.90113469180808e+305,  2.0282504111796e-261, 1.09431584866649e-314, 6.42391304462402e+286,  2.6202903319745e-312, 0, 0, 2.12199578948308e-314, 0, 1.17337885603517e-309,  0, NaN, 8.48798316731955e-314, -5.48612406879369e+303, NaN, 1.05495758916473e-19,  -1.67542397602837e-122, 1.5686770691808e-305, 2.19760621455304e-259,  0, 2.0683549199909e+272, 4.52121101335292e-305, 0), x = structure(c(6.5386757613245e+286,  2.4173705217461e+35, 2.4173705217461e+35, 2.4173705217461e+35,  2.4173705217461e+35, 2.41737054157713e+35, 2.06843235465354e+272,  6.92308421076402e+285, 6.5386757613245e+286, 1.35531969328098e+287,  2.4173705217461e+35, 2.4173705217461e+35, 2.4173705217461e+35,  Inf, 2.4173705217461e+35, Inf), .Dim = c(8L, 2L)))
result <- do.call(RaceID:::applyProb,testlist)
str(result)