testlist <- list(v = c(1.1318628889011e-72, 2.46830497355186e-308, 0, 6.42151936928587e-316,  1.64372107130086e-313, -1.37608493286644e+304, -7.61095590106397e+304,  2.28314464344984e+36, 2.06842818437039e+272, NaN, 6.53867764059765e+286,  6.53867570460017e+286, -1.53538574070623e-248, 2.41745323921196e+35,  2.4173705217461e+35, 2.4173705217461e+35, 2.4173705217461e+35,  3.65588309434235e+233, -4.88841091836581e+132, 2.06935583826342e+272,  5.43240908349653e-310, -3.69001632376052e-74, -1.64754413548086e-183,  0, 3.55505058601978e+59, NaN, 1.61280333887781e-305, -1.37435346770508e-309,  2.4173708728356e+35, -1.99982383578431, NaN, -1.00252041898494e+120,  -1.00252054090433e+120, -0.0446231617647059, 3.47287155522919e+72,  1.30990564450339e-306, 1.65451900343202e-24, -1.55247308155755e+305,  2.35665861608114e-306, 0, -1.00238703763628e+120, -1.21716680745378e+304,  -1.11717512638398e+119, 3.22631509642264e+178, 6.20865765803513e-317,  -6.75028496418494e-125, -1.65454977394257e-124, 3.47244113074443e+72,  8.67840552883779e+102, 4.06890620636314e-312, -9.14795066046764e-20,  3.76633530276249e-313, NaN, -1.98437499943025, -1.73963512862069e-122,  -9.92433627316192e+119, 1.04163993869177e-309, 3.43094374640577e-223,  0, -7.9943114164953e+305, 7.74557742413544e+120, 2.61830011167902e+122,  2.61830011167902e+122), w = c(5.43222646089132e-312, 0, 1.3029446532254e-284,  -6.97927922099582e+307, -1.99993881898627, -0.044430930883505,  NaN, NaN, -4.38889925503492e+304, 6.66183237128608e+286, 2.0683547335968e+272,  NaN, 6.53915685503105e+286, 2.06941774777879e+272, NaN, 6.53867576132548e+286,  6.53867576132536e+286, 6.53873637219446e+286, 2.41737052445902e+35,  2.4173705217461e+35, 2.4173705217461e+35, 2.4173705217461e+35,  2.4173705217461e+35, 6.80429311309509e+49, 6.53587667067412e+286,  2.41737084198858e+35, 6.92308421076402e+285, 6.53873747833573e+286,  2.41737052445902e+35, 2.4173705217461e+35, 2.4173705217461e+35,  2.4173705217461e+35, 2.4173705217461e+35, -1.27708362636703e+305,  8.73973597395868e+62, -5.48612406879369e+303, 2.781342323134e-309,  0, 4.45619115976226e-312, 3.16202013338398e-322, -9.63563770543962e+86,  5.30498947741318e-315, 0, 0, 0, 8.37116099364271e+298, 6.538737482112e+286,  2.41737052445902e+35, 2.4173705217461e+35, 2.4173705217461e+35,  2.4173705217461e+35, 2.4173705217461e+35, 2.4173705217461e+35,  2.06842847013466e+272, 2.06842846888103e+272, 3.23363236356604e+161,  1.73940526560413e-273, 8.90029544536771e-307, 6.19186782519251e-317,  0, NaN, 3.78576699574422e-270, NaN, 0, -1.99999999627471, 5.74696665176892e-318,  -7.90001865906291e+305, -4.66320252036351e+304, 2.6461938089444e-260,  1.40153578576277e-309, 2.80222733814516e-288, -1.0024893295419e+120,  -0.124999990883995, 2.92638687847516e-188, 9.05290817489756e-310,  2.52961610670718e-321, 0, -4.84014898293011e-122, NaN, 1.61921354193936e+265,  1.9172102715593e+68, 9.0711262399453e-315, 2.0917922563356e+272,  2.06842847014058e+272, 1.06306387231586e+224, NaN), x = structure(7.92331573735881e+102, .Dim = c(1L,  1L)))
result <- do.call(RaceID:::applyProb,testlist)
str(result)