testlist <- list(v = c(-0.124984741210938, 1.38765792784588e-309, 0, 8.3440377872471e-310,  NaN, -2.97369594613778e+284, -1.0024893295419e+120, 3.4728722321703e+72,  -6.03399331110886e+304, -3.12824403113168e-277, -1.18182170565284e-125,  -1.37153101719842e+304, NaN, 4.52120969559783e-305, 2.36957381438772e-308,  -0.124997635676662, 1.27605887595438e+38, NaN, NaN, -1.34765550943382e+28,  -1.34765550943381e+28, -1.34765550943381e+28, 2.1779546474441e-306,  -5.55979028561727e+303, 9.73902201082265e-320, NaN, 4.94065645841247e-324,  -5.05601192505794e+307, 1.35275151317256e-312, 0, 0, 1.00621651767525e+242,  NaN, 6.2007249400255e-317, NaN), w = c(1.5612516993757e-17, NaN,  -2.60598225389916e+304, -1.27733719139606e+294, 4.9059872090187e+128,  9.03814260902176e-310, 1.65780921169162e-316, 0, -5.48612406879369e+303,  NaN, 3.45806541426129e-223, 1.33374335533635e+241, 5.94485329359848e-310,  -0.00041198739563697, 2.06842847014058e+272, NA, 7.08859162496447e-304,  2.09712865229583e-314, 2.781342323134e-309, 0, 0, 3.22678998858213e-307,  -0.124999940395355, NaN, NA, 2.30921366801452e-271, 1.390671161567e-309,  -7.90041398714046e+305, -8.03032078426435e+305, 2.06835473359679e+272,  NaN, 6.53915685148573e+286, 2.42271512291651e-318, 2.77451775935006e+180,  2.77448001762435e+180, 2.77448001762435e+180, 2.77448001762435e+180,  2.77448001762435e+180, 2.77448001762435e+180, 2.77448001762435e+180,  2.77448001762435e+180, 2.77448001762435e+180, 2.77448001762435e+180,  2.77448001762435e+180, 2.77448001762435e+180, 9.52157095844336e-307,  -1.0739894713784e+306, 6.53867576132537e+286, 0), x = structure(c(1.10639270315221e+74,  2.24460141112857e+77, 6.15180998440691e-270, 0, 0, 1.41533558242879e-304,  2.10778285828793e-319, 2.66994608844822e+122, 2.41737165892753e+35,  0, 0, 0, 0, 0, 0, 0, 0, 0, 2.12199579047121e-314, 4.94065645841247e-324,  4.94065645841247e-324, 4.94065645841247e-324, 7.75683063970757e-322,  5.49597551655051e+228, 3.24569242037387e-310, 3.64071899925998e+59,  9.97580372788739e+281, 9.45467160104121e+281, 4.77830972652897e-299,  0, 1.06718179501709e-321, 2.41737071439281e+35, 1.10639270315221e+74,  2.24460141112857e+77, 6.15180998440691e-270, 0, 0, 1.41533558378355e-304,  33.8593750023289, 6.7026457564961e+124, 4.4539393993512e-120,  9.53217825134911e-315, 7.86667692907567e-121, 1.1748854924742e-309,  4.94065645841247e-324, 4.94065645841247e-324, 1.35809811096145e-312,  2.71689524676422e-311, 4.48309464024907e-120, 1.80798285381823e-307,  1.17796876893676e-309, 3.84257932750924e-119, 4.94065645841247e-324,  4.94065645841247e-324, 1.53116559048113e-314, 2.4173705217461e+35,  2.4173705217461e+35, 2.41737052175103e+35, 2.06842847014058e+272,  2.06842847014058e+272, 63484.2693546154, 1.61189384548152e-306,  3.53078912037798e-310, 6.66415574434325e-21, 5.2736172259128e-312,  9.61276249046606e+281, 1.0655981725373e-255, 1.26653062073761e-313,  0, 8.28901394419112e-317), .Dim = c(7L, 10L)))
result <- do.call(RaceID:::applyProb,testlist)
str(result)