testlist <- list(v = c(1.00020238441442e+242, 5.94485329359848e-310, -0.00041198739563697,  2.06830464999356e+272, NaN, 3.45795987724642e-223, 6.53867576135404e+286,  6.5386757613245e+286, -2.07087737215364e+289, 6.32121730087313e+284,  -1.70447452905271e+289, -1.70447452905271e+289, -1.70447452905271e+289,  -1.67497676051635e+289, 6.55447713830259e+286, 2.41725801901749e+35,  2.4173705217461e+35, 2.4173705217461e+35, 2.4173705217461e+35,  2.4173705217461e+35, 2.06842847019584e+272, 2.06842847014058e+272,  1.61921205527439e+265, 3.60599309817181e+228, -1.65435053268906e-124,  -2.35794450117824e-185, -0.124999976158142, -2.52928527736498e-29,  1.39067116124321e-309, 0, NaN, 4.94065645841247e-324, 1.02531403060493e-304,  2.07226151461452e-317, 0, 3.47667790657355e-310, 0, 6.63123684676648e-316,  0, -0.0444259643554688, -1.99982862240444, NaN, 2.77448001761239e+180,  2.77448001762435e+180, 2.77448001762435e+180, 2.77448001762435e+180,  2.75301965334933e+180, 2.77448001762435e+180, 2.77448001762435e+180,  2.77448001762435e+180, 7.06362697795069e-304, 2.06842847013619e+272,  NaN, 1.05495758916473e-19, -4.07273007801539e-185, -4.16462461047935e-185,  -9.68147978712329e-123, -3.63433674639989e-121, NaN, 9.64181630293645e-311,  2.46602885051196e+35, 2.4173705217461e+35, 5.56190068948575e-308,  5.94158822730144e-313, 1.39054384181954e-309, NaN, NaN, NaN,  NaN, NaN, NaN, NaN, 2.06860327347809e+272, 2.06834592412009e+272,  2.46815371894011e-308, 1.16443471411093e-171, 2.32220831781137e-312,  -1.00250476988808e+120, 4.06890620655582e-312, -1.00238703763628e+120,  7.06469850371731e-304, 1.08646242779777e-311, 0, 1.97626258336499e-323,  5.05923221341436e-321, -4.71250997827319e-122, 2.41737052176352e+35,  -1.98421221330178, 1.0901064388916e-32, 1.94810925219064e+289,  6.54433487799786e-310), w = c(-5.82776030488142e+303, -8.13685302279448e+307,  2.06935584087113e+272, 2.3884565549374e+35, 2.06842847013466e+272,  2.06842846888103e+272, 3.23363236356604e+161, 1.73940526560413e-273,  8.90029544536771e-307, 6.19186782519251e-317, 5.52894194440203e-222,  -5.3928932092918e-26, 1.39234572115085e+188, 2.46830497355178e-308,  0, 3.55701218031209e+59, 4.44738375121746e-305, 0, -9.68343704282591e+119,  3.43104886597884e-223, -6.69235413738316e-125, -6.97927922946546e+307,  1.58941648644373e-314, 1.50347607897155e-121, 1.08420382684673e-19,  -7.90001867475886e+305, 8.67840552883787e+102, 8.65249656531775e+247,  -3.17678814124625e-277, 2.41737103129551e+35, -1.98437499731195,  -1.73963512862069e-122, -2.46006215976068e+260, -5.87593713925663e+225,  2.56756892876562e-312, 2.41737052174607e+35, 8.47699468350727e+102,  NaN, -8.33536299723323e+298, 3.89387926067665e-308, -1.999755859375,  NaN, -5.48725757122267e+303, 1.50346117938021e-307, NaN, -1.0739894647615e+306,  1.60689254081821e-305, 7.08107504731332e-304, -0.124996185302503,  1.71334535360375e-122, -1.00252054090432e+120, -1.00252054090433e+120,  1.38930569433242e-309, -2.18405185263147e-77, -2.02219557675549e+289,  7.55920438137107e-322, 4.34591002946882e+59, -4.68337226800505e-140,  3.13264447227919e-317, -6.75028496418494e-125, -9.68147977726141e-123,  -7.90001867475886e+305, 8.67840552883787e+102, 8.65249656531775e+247,  -3.17678814124625e-277, 3.53524503568931e-312, 1.71324225351201e-122 ), x = structure(c(NA, Inf, 1.90359856625529e+185, NaN), .Dim = c(2L,  2L)))
result <- do.call(RaceID:::applyProb,testlist)
str(result)