testlist <- list(v = c(-2.35343694113036e-185, -2.3534374397766e-185, NaN,  NaN, 2.38845655492602e+35, 2.06935944459385e+272, 1.89653744546915e-288,  8.67822175018736e+102, -1.65435053039493e-124, -7.94314623616846e-187,  -4.16462461047935e-185, -7.87176089370638e-20, 7.0790724774453e-304,  1.38525974106198e-309, 8.39958959695635e+102, -0.00249404087660702,  -1.98421221597528, 1.663370420672e-37, 7.28755494616854e-304,  1.86600216778594e+242, 1.30990564450517e-306, 4.44736637800689e-305,  0, 9.19865003070903e+58, 3.68624822637216e+228, 2.02865228933149e+272,  2.06842847014056e+272, 1.06306387231586e+224, 3.60621897426107e+228,  1.65451899728714e-24, 9.27704592867879e-318, -7.90002535537858e+305,  -2.24711566641889e+307, -7.74045653122002e-121, 7.06327739870653e-304,  3.20656275994724e-310, -7.7444193967752e-121, NaN, 5.23337023856543e-304,  4.14453142834503e-317, 0, -1.999755859375, 2.06860327347807e+272,  -2.17506808468909e-272, 3.40085477321653e-223, 1.33374335533635e+241,  5.94485329360006e-310, 4.72433050267071e-122, 2.0684320926825e+272 ), w = c(NA, NaN, 6.68579759933899e+252, -1.15855157979233e-184,  NA, 6.26220186948251e-145, -3.68996726353461e-74, -6.17147463123061e+303,  -7.56998173000612e-73, -3.68996727170329e-74, Inf, 7.11750218754274e-38,  7.11750304968475e-38, 7.11750304968101e-38, 7.11750304968475e-38,  7.11750304968475e-38, 2.76676761671098e-322, 1.62597454369523e-260,  -6.63049526126862e+305, -3.68943192949448e-74, -1.17203614124631e+307,  1.90359934428939e+185, -3.68996727170334e-74, 7.06415058865044e-304,  -9.23697281749813e-311, 0, 0, NaN, -2.97369594613778e+284, -1.0024893295419e+120,  -0.124999990883995, 9.43665383556781e-322, -2.35794477622875e-185,  -2.35797444868607e-185, 4.34591002946882e+59, NaN, 6.68579759933899e+252,  -1.9998841528799, NaN, NaN, -0.124999054707551, -8.145188400517e+307,  2.06935584087113e+272, 2.3884565549374e+35, 2.4173705217461e+35,  -1.98421221330178, 1.0901064388916e-32, 1.94810925219064e+289,  4.38658638920027e+59, 3.43104886597878e-223, -6.69235413738316e-125,  -6.97927815377127e+307, 1.58941648644373e-314, -2.37589889019738e-185,  -9.68147978828973e-123, 1.27069166279957e-309, 8.69169477547738e-312,  -2.35343736826558e-185, -1.58685367337041e+202, -4.66320480996472e+304,  -3.16681737362072e-277, 9.04848699967546e-310, 1.38566325150032e-309,  -2.39020280950479e-185, 1.06102530970313e-314, -2.22956081737217e+307,  2.06842847280787e+272, -1.72299889947922e-243, 2.46815371894011e-308,  1.5612516993757e-17, 2.32220831781137e-312, NaN, 1.05495758916473e-19,  1.5772021571486e-305, -1.26288557242226e+289, -2.23569457233676e+266,  NaN, -3.68996518052278e-74, 4.91682332102729e+223, 6.95356551753159e-310,  8.69169477547738e-312, 1.38525974096167e-309, 7.16729939842164e+103,  6.13652051156121e-275, 2.50840586853122e-318, 0, 0, -1.98437499943025,  NaN, 8.4446089084941e-227, -1.00252054090577e+120, 4.52120890835063e-305,  2.91498731046335e-322, 2.41737032100562e+35, 0), x = structure(c(-1.21716680745378e+304,  NaN, 1.83976203486432e+219, 4.48309464024909e-120, 8.2652169787674e+121,  3.02540594201345e-306, 1.12303464750928e-72, 0), .Dim = c(1L,  8L)))
result <- do.call(RaceID:::applyProb,testlist)
str(result)