testlist <- list(v = c(2.06842847015096e+272, 2.07538175847332e+272, 3.23363236356604e+161,  1.74662604310759e-273, 4.94660803733952e+173, 1.65452017583585e-24,  -1.55247308155755e+305, 2.35665861608114e-306, 0, -1.00238703763628e+120,  -1.21716680745378e+304, -1.11717512638398e+119, 3.22631509642264e+178,  6.20865765803513e-317, -6.75028496418494e-125, -1.65454977394257e-124,  2.12199598523682e-312, -8.03082519930786e+305), w = c(-3.16681737364008e-277,  -9.68169852769107e-123, -1.66400433841182e-122, -2.35323263437235e-185,  NaN, NaN, NaN, NaN, NaN, -1.00238704004118e+120, -2.35328025937145e-185,  3.2593897606434e-312, -8.03082519930786e+305, -1.94946289004777,  -3.1767491935272e-277, 1.60917357534498e-305, -1.71304992082949e-122,  8.50705628216661e+36, NaN, NaN, NaN, NaN, NaN, NaN, 9.612762512105e+281,  NaN, 1.34497462403755e-284, 3.11098315216858e-319, 5.43222633441051e-312,  0, 1.3029446532254e-284, -6.97927922099582e+307, -1.99993881898627,  -0.044430930883505, NaN, NaN, -2.97369594752267e+284, 1.1831073046986e-269,  -1.71324225456858e-122, -2.35343736659604e-185, -4.49423283768924e+306,  NaN, 3.78565008116921e-270, 0, NaN, -5.48612798035578e+303, 7.0790724774101e-304,  -7.10001640643692e+139, -1.61222850013971e+265, 1.71324225794986e-122,  NaN, 3.76633449328534e-313, -8.85056693305195e+303, 9.61276248510305e+281,  -1.99982452391182, 5.74696665176892e-318, -3.13930863084121e-104,  -4.66320252036351e+304, 6.42151936928587e-316, 2.75132846532214e-135,  1.52104658618917e-310, 7.28578184229598e-304, NaN, NaN, NaN,  NaN, NaN, NaN, NaN, 5.9292306307801e-21, 2.37739448122349e-319,  1.18181898471218e-125, 1.11253639240825e-308, 1.33360288657597e+241,  3.78544259901294e-270, 6.01167255772226e+175, -0.00130057241767649,  -2.0708773759051e+289, 3.22526053605166e-319, 3.32209424061641e-316,  NaN, 1.780059093437e-307, 0, 7.23384983522264e-304, 2.97403381695557e+284,  6.5386757613245e+286, 6.55447531597794e+286, 2.41737052300057e+35,  2.30793033361515e-317, 0, 6.53867576110378e+286, 1.35531969333636e+287,  2.41737052175103e+35, 2.06935557524914e+272), x = structure(c(6.53825288234987e+286,  Inf, 6.53867576132537e+286, 6.55437554799599e+286, 2.06842847013619e+272,  2.4173705217461e+35, 2.4173705217461e+35, NA, 2.4173705217461e+35,  2.41737052175103e+35, 2.32299912266464e+272, 3.65226240869323e-306,  6.53873747833572e+286, 8.86154778977794e+287, NaN, 1.35807747382954e-312,  6.53825288234987e+286, 2.62004068609767e-312, 6.53867576132537e+286,  6.5544735691301e+286, 2.42799532282396e+35, Inf, 2.4173705217461e+35,  1.39113953180658e-308, 6.53867600240744e+286, 5.45463523620705e+262,  2.4173705217461e+35, 2.4173705217461e+35, 2.4173705217461e+35,  2.4173705217461e+35, 2.4173705217461e+35, 2.04246145958566e+285,  2.04729668889515e+272, 3.67840833350941e+274, 4.20152736846548e+273,  2.42142139962677e-312), .Dim = c(6L, 6L)))
result <- do.call(RaceID:::applyProb,testlist)
str(result)