testlist <- list(v = c(5.5869831887595e+286, 6.53867576132537e+286, 1.89463448486069e+285,  2.4173705217461e+35, 1.91036608378526e-317, 2.97403382522164e+284,  6.5386757613245e+286, 6.55447531597794e+286, -0.00597426470587147,  2.06842847014056e+272, 9.0713241082958e-315, 6.60163988242528e+286,  5.34906223548487e+286, 2.41737052174614e+35, 2.4173705217461e+35,  NaN, 2.46634090963926e+35, 2.4173705217461e+35, 3.11789031127824e-99,  2.06842847014058e+272, 9.31953076030725e+242, 1.09940816252153e+169,  1.38412490682425e-319, 8.90029543402881e-307, 3.54438021329823e+267,  6.53867576132537e+286, 7.31367246543503e-109, 2.41737052174612e+35,  4.89053752527688e-315, 1.5832077971655e-314, 6.53867576110378e+286,  1.35531969333636e+287, 2.06842846917647e+272, 2.06842847013622e+272,  2.3222589723166e-312, 1.18887001921432e+288, 5.40866602095717e+262,  2.41737052175669e+35, 2.4173705217461e+35, NaN), w = c(2.41737052466496e+35,  NaN, 2.06842847013566e+272, 9.31646697974494e+242, NaN, 5.43230922625522e-310,  7.29111868753213e-304, -2.11604788857997e+265, 0, NaN, 2.58547622517186e+122,  2.61830011167902e+122, -2.78135733181823e+305, 3.78576572855627e-270,  9.61276249046606e+281, NaN, 1.34497462403755e-284, 6.80702318978305e+279,  9.61276249046606e+281, 4.77830754152198e-299, -2.11604788855961e+265,  6.53915684179169e+286, 6.53866123967587e+286, -5.65151457380879e+303,  -2.46066137873141e+260, -1.70447452722448e+289, -1.70447452905271e+289,  -1.70447452905271e+289, 6.3761576876905e-304, 1.70447452905268e+289,  2.61249767427168e-307, 2.4173705217461e+35, 2.4173705217461e+35,  2.4173705217461e+35, 2.4173705217461e+35, 2.45877151985751e+60,  2.34587302711938e+254, -3.17678740111621e-277, 9.01848211287384e-310,  2.06829888502753e+272, 2.06842847014058e+272, 2.46791605541152e-308,  1.08501450769284e+169, 1.05495758916022e-19, 1.18009719864202e+288,  -4.07273007282831e-185, -1.99990234375, 1.3852451577641e-309,  2.03881455100923e-314, 0, -2.22956081737217e+307, 2.06842847280787e+272,  4.99207256722682e+272, 1.61921272794789e+265, -9.68343705222008e+119,  3.43104886597884e-223, -6.69235413738316e-125, 6.83530509893729e-304,  -3.68996726260806e-74, 3.26754215062937e-312, 1.33360288657597e+241,  3.47256969279958e+72, -1.65454976583483e-124, -4.24625431012221e-188,  2.41737052175387e+35, 2.4173705217461e+35, 2.4173705217461e+35,  2.41737052175091e+35, 2.06842847019584e+272, 2.41737052466496e+35,  1.61921272794789e+265, 1.9172102715593e+68, -8.77780208858115e+304,  2.0917922563356e+272, 3.78576572855899e-270, 1.01522935857838e-314,  NaN, -2.97369594613778e+284, -1.0024893295419e+120, -0.122634878579307,  9.43665383556781e-322, -2.35794477622875e-185, -2.35797444868607e-185,  4.34591002946882e+59, 1.38704909693161e-309, 0, 0, -1.9375, -5.53433674455879e+303,  2.32093289636827e-315, 0), x = structure(c(NaN, 8.31686542325591e-309,  2.63125716838256e-265, 2.81201889287683e-312, 6.53495817634355e+286,  6.57107308968858e-322, 6.5386757613245e+286, Inf, 2.19697522709055e+285,  2.15355235495614e+42, 2.4173705217461e+35, NA, 2.4173705217461e+35,  2.4173705217461e+35, -Inf, 2.06842848531446e+272, 4.47861301801278e-287,  2.41737052300831e+35, 6.55447531597686e+286, 2.15355235495614e+42,  2.4173705217461e+35, 2.4173705217461e+35, 2.4173705217461e+35,  2.4173705217461e+35), .Dim = c(8L, 3L)))
result <- do.call(RaceID:::applyProb,testlist)
str(result)