testlist <- list(v = c(2.41737052173936e+35, 1.0901064388916e-32, 1.94810925219064e+289,  6.54433487799786e-310, 2.06842846967867e+272, 4.44366902326146e+220,  4.46109116680869e-140, -5.48612408859211e+303, 2.77448001761287e+180,  2.77448001762435e+180, 2.77448001762435e+180, 2.77448001762435e+180,  2.77448121256959e+180, 2.77448001762435e+180, 2.40741173721608e-35,  7.11750304968475e-38, 7.11750304968475e-38, 7.11750280445752e-38,  7.11750304968475e-38, 7.11750304968475e-38, 1.82033941806266e-317,  0, 8.96831017168393e-44, -3.88625652071364e-77, -5.90082642180746e-74,  1.95458780853993e+185, -3.68996727524016e-74, 6.38034606201239e-304,  8.95158647109717e-227, 1.6189543082926e-319, 0, -1.00238703763628e+120,  -1.21716680745378e+304, -1.11717512638398e+119, NaN, 6.20865765803513e-317,  -Inf, Inf, 3.47244113074443e+72, -3.35840404072346e+117, 6.24436687235299e-85,  -2.62777756111695e-301, 2.41737052373652e+35, 2.4173705217461e+35,  -1.21723351343939e+304, NA, 6.98433247096157e+285, 9.98586254339391e-315,  2.4173705217461e+35, 2.41737052173936e+35), w = c(9.79732175703192e-321,  NA, 8.62525873535137e+285, 2.06842835329368e+272, 9.64181837513126e-311,  8.47964337494415e-227, 7.28667185825861e-304, -4.24625431012221e-188,  NaN, NaN, NaN, NaN, 3.43094374641207e-223, 2.64617829792593e-260,  8.20251275401231e-304, 5.12816368629538e-23, Inf, -0.124999990883995,  -7.88040123927923e+115, 3.84668815280466e+242, NA, -3.17678814124625e-277,  5.87840221629188e-39, 3.05402294304909e-310, 0, 2.12199579096527e-313,  NaN, -3.68996727167138e-74, NaN, -3.74930621650882e-74, 9.59835782101142e-310,  1.89326741158267e+185, 9.59835782101483e-310, -9.68343704282591e+119,  -2.31321749163415e-185, -8.80051308143918e+304, 4.67271536421702e-307,  NA, 6.95337719357392e-309, -2.568403304175e-301, 1.83569214195394e-313,  1.50219308065208e-266, -1.71324225456858e-122, -2.35343736826558e-185,  -2.35343736826563e-185, -1.98437499802967, -1.71311916427781e-122,  -2.35343743703793e-185, -2.3534374397766e-185, -0.0435154020786285,  -5.76425029359723e+303, -1.99999999639112, 2.34229377581559e+24,  1.71334535246319e-122, -1.50341776999598e-121, 1.56867706918077e-305,  -6.90464374781508e-74, 9.1460133942467e-306, 1.94760677590619e-319,  4.70457237382575e+83, 0), x = structure(c(4.08354876418797e+233,  4.08354876416257e+233, 32.5072937011719, 5.63234836259021e-322,  NA, 4.08354876418797e+233, 4.08354876418797e+233, Inf, 1.46313876311564e-306,  4.08406425360049e+233, 63.9923094515689, 1.1179690975485e-308,  0, 0, 1.17798029071027e-309, 1.80827653803621e-307, 2.66994480020542e+122,  4.48297896084814e-120, 0.00597426470588235, 6.9244620784888e+274,  3.65226240871209e-306, 1.56164269337501e-319, 9.0427449784351e+271,  2.77448001762435e+180, 2.77448001762439e+180, 34, 1.17798022602352e-309,  7.11750304968475e-38, 7.11750304583805e-38, 0, 2.12199579096527e-313,  1.30353691871216e-307, 1.8036184317347e-223, 1.01135237703703e-320,  1.90359929206694e+185, 1.10639270315223e+74, 1.98838553035172e-289,  7.2908995087619e-304, 2.71689524676422e-311, -9.9261575707946e-234,  4.48309464024909e-120, 4.52098634416479e-120, 5.16265420106808e-306,  3.49031255577906e-310, 7.02130918395596e-317, 1.70938627222659e-122,  NA, 2.77448001762435e+180, 2.77448090995354e+180, 2.36258075568157e+136,  1.79745516986722e-314, 4.62774482350726e+122, 2.62356682178441e+122,  2.5180615482655e-305, 3.5835898188788e+105, 6.64834554229096e+246,  1.67580637861339e+277, Inf, 1.666249798806e-122, 2.49230249209672e+35,  4.94065645841247e-324, 4.94065645841247e-324, 4.94065645841247e-324,  4.94065645841247e-324, 4.94065645841247e-324, 4.94065645841247e-324,  4.94065645841247e-324, 4.94065645841247e-324, 2.33638703261867e-319,  2.4173705217461e+35, 2.4173705217461e+35, 2.4173705217461e+35,  5.82210855460478e+286, 2.06842847014058e+272, 2.09173808785144e+272,  7.23026247704246e+221, 5.49597542618206e+228, 3.24569242037387e-310,  3.64071899925998e+59, 9.97580372788739e+281, 9.45467160104121e+281,  4.77830972652897e-299, 0, 1.06718179501709e-321, 2.41737071439281e+35,  1.10639270315221e+74, 2.24460141112857e+77, 6.15180998440691e-270,  0, 0, 1.41533558378355e-304, 33.8593750023289, 6.7026457564961e+124,  4.64711029781918e-120, 1.41533484584426e-304, 1.34883539822344e+188,  2.44023762766163e-312, 1.90796665726202e+60, 1.12303464750458e-72,  1.41117821690695e+277), .Dim = c(10L, 10L)))
result <- do.call(RaceID:::applyProb,testlist)
str(result)