testlist <- list(v = c(-Inf, 3.45795878301295e-223, -6.5325886338608e+121,  2.32614391211503e+36, 2.55638081171654e-312, NaN, 6.20865765803513e-317,  -6.75028496418494e-125, -9.07899500811126e+303, 5.40810585795718e-312,  2.03881455100923e-314, 0, -2.22956081737217e+307, 2.06842847280787e+272,  4.99207256722682e+272, NaN, -9.68343990467247e+119, 3.43104886597884e-223,  -6.69235413738316e-125, 6.83530509893729e-304, 2.55638081171654e-312,  3.77384487429087e+242, -4.66320480992608e+304, 2.46830497355182e-308,  0, NaN, 2.58547622517186e+122, 2.61830011167902e+122, -2.78135733181823e+305,  2.06842848428622e+272, 2.41736849599073e+35, 2.58981145570564e-307,  -1.98421221330176, 1.0901064388916e-32, 6.55735468868757e-140,  1.71324225643948e-122, -1.71311876579807e-122, -2.35332802191522e-185,  Inf, -0.124023437438153, 8.39911597930119e-323, 1.53364331956237e+242,  3.67578007142828e-270, 2.61830011167902e+122, 2.61830011167902e+122,  -2.0818034754143e+269, 5.43197701526917e-312, 7.11750647901955e-38,  7.11744027151355e-38, 7.11750304968475e-38, 7.11750304968475e-38,  -5.48612521777657e+303, 5.36864934987733e-312, 4.77830972673648e-299,  0, 0, 3.23790861658519e-318, 5.52894194440203e-222, -5.3928932092918e-26,  1.39234572115085e+188, 0), w = c(7.11750304968475e-38, 7.11750280445752e-38,  7.11750304968475e-38, 7.11750304968475e-38, 1.82033941806266e-317,  0, 8.96831017168393e-44, -3.88625652071364e-77, -5.90082642180746e-74,  -5.04723413031238e+305, -6.69235256424527e-125, -9.68147978712319e-123,  5.92889975853509e-21, 1.44955220131227e-81, 4.34584528284463e-311,  -7.90001865906291e+305, 5.20521943127608e+223, -0.00130057241768707,  8.22652235925457e+62, 4.68893501770971e-312, -6.75028496418494e-125,  -1.65454977394257e-124, 3.47244113074443e+72, -3.35840404072346e+117,  6.24436687235299e-85, -2.62777756111695e-301, 2.41737052373652e+35,  2.4173705217461e+35, -1.21723351343939e+304, -2.08212600444896e+269,  6.98433247096157e+285, 9.98586254339391e-315, 2.4173705217461e+35,  -0.00130040131363214, 8.22652235925457e+62, -1.82721381904943e+289,  2.06842848429114e+272, 6.66130207936146e+286, 2.4173705217461e+35,  NaN, 4.67271436953144e-307, -3.05923761105831e-05, NaN, -5.48612443153759e+303,  3.78576531746649e-270, 9.64181630293645e-311, 0, -1.55247308219588e+305,  1.07735218332979e-308, 8.44460368289263e-227, 4.5213484086192e-305,  -1.37435346770508e-309, -4.20071168180781e-185, 8.08635693560089e-174,  -4.53801546776667e+279, 9.19864857806832e+58, NaN, NaN, 2.068428470151e+272,  2.07538175847332e+272, 3.23363236356604e+161, 1.74662604310759e-273,  -0.121093750099531, -1.71324177561831e-122, -2.35343736853318e-185,  -2.35343736854388e-185, -0.0433218375081196, -4.48435920370628e+307,  1.39067108126686e-309, 0, 0, -1.9375, 1.49194689814796e-315,  1.33360288657597e+241, 1.1318628889011e-72, 1.64390897113586e-313,  NaN, 8.50387779865332e-191, 6.42149922046854e-140, -5.82853717146277e+303,  8.19190830589489e-317, 3.88702395422821e+157, 2.78134232313482e-309,  0, 0), x = structure(c(0, 1.36318219664557e-41, 5.56355042055072e-307,  2.05226840063947e-289, 2.20073860929757e+130, 1.39066585635281e-309,  1.26309257122977e+58, 2.6183008997277e+122, 1.90359856599707e+185,  1.90346613007808e+185, 1.33199921480738e-255, 2.00047492980957,  9.53217825134911e-315, 3.64071781997183e+59, 1.38690111691576e-309,  5.36067678827192e-222, 1.78283047385218e-125, 1.34178046028391e-309,  4.6014855105833e-312, 2.03137384355068, 5.64077866895733e-307,  4.48309418838757e-120, 131072, 1.41533484584426e-304, 1.34883539822344e+188,  2.44023762766163e-312, 1.90796665726202e+60, 1.12303464750458e-72,  1.41117821690695e+277, 6.72284894211393e+186, 2.4173705217461e+35,  1.14671380361021e+105, 2.80569242881671e-305, 5.97349196051118e-299,  2.02865099956643e+272, 2.4173705217461e+35, 2.4173817032635e+35,  5.36067678827192e-222, 1.78283047385214e-125, 2.28216718393044e+36,  8.32155211949493e-316, 4.42400309924339e-305, 8.81415666435787e-280,  2.68568963428109e-135, 1.70938627491396e-122, 5.48602014590168e+120,  7.2911220195564e-304, 2.80307156003349e-309, 3.70252507347967e-305,  1.39067114084439e-309, 0, 7.23384983527554e-304, 7.83921353281977e+102,  2.61830011475734e+122, 1.90359856625428e+185, 1.90359804892648e+185,  62293790163262775296, 6.77626043521256e-21, 3.72350696538801e-317,  7.92331574019013e+102, 131056.043375254, 61447.9687503347, 7.81452573200707e-35,  5.24132992241585e-312, 0, 0, 1.17798029071027e-309, 1.80827653803621e-307,  2.66994480020542e+122, 4.48297896369973e-120, 0, 4.48362113062369e-120,  7.2915437460182e-304, 6.24700832681753e-310, 8.55035259729748e+245,  1.84592043549528e-307, 1.4111782326184e+277, 2.4173705217461e+35,  2.41737052174676e+35, 2.03170395639609, 3.54354723463066e+59), .Dim = c(9L,  9L)))
result <- do.call(RaceID:::applyProb,testlist)
str(result)