testlist <- list(v = c(0, 0, NaN, -2, 5.99981168843394e-310, 1.30990564450437e-306,  1.6545189972871e-24, 2.0684284701406e+272, 1.61921272794789e+265,  -1.95068142114607e+304, 5.36864934987733e-312, 4.77830972673648e-299,  0, 0, 8.73974210394084e+62, 3.78576699573368e-270, NaN, 0, NaN,  6.4757678266058e-319, NaN, 1.35807730725037e-312, 0, 2.00000156459282,  0, 4.34584737989688e-311, 0, -3.0517578125e-05, -1.55243959864152e+305,  NaN, 8.65557450272969e+272, 2.46815371894011e-308, 1.16443471411093e-171,  2.00020873089753, 4.22371477957865e+273, NaN, 2.59898715799524e-312,  -6.97927559894218e+307, NaN, -9.94530432121664e+119, -0.0435154094414416,  -4.48435920370628e+307, -3.68996746331294e-74, 9.25074782804318e-306,  0, 3.77384487429087e+242, NaN, -6.69235256424527e-125, 2.41737103129187e+35,  2.4173705217461e+35, 2.4173705217461e+35, 2.41737083742081e+35,  2.06843209164491e+272, 2.06842847014058e+272, 3.40085477321653e-223,  1.33374335533635e+241, 5.94485329359848e-310, -0.000411987395640512,  NaN, 6.65340712448041e-310, -1.00238703763628e+120, -1.21716680745378e+304,  -1.11717512638398e+119, 3.22631509642264e+178, 6.20865765803513e-317,  -6.75028496418494e-125, -1.65454977394257e-124, 3.47244113074443e+72,  -3.35840404072346e+117, 3.76633449328534e-313, 9.83247405884641e-309,  4.34591002946882e+59, -1.99031573160677, NaN, 3.76633449328534e-313,  0, -2.04210600171967e+280, 2.61829961082626e+122, 2.61830011167902e+122,  1.08411601594798e-19, 2.7161601180956e-312, 0, 0, -1.98437499943025 ), w = c(1.04163993869177e-309, 8.67840437243258e+102, 2.36454786528454e-308,  3.90277465874333e-310, 3.66941735968249e-270, 9.61276249046606e+281,  NaN, 1.34497462403755e-284, 6.80702318978305e+279, 9.61276249046606e+281,  4.77830754152198e-299, 3.43094374643082e-223, NaN, -1.34771050370639e+28,  -1.34013077430699e+28, -1.34765550943381e+28, -1.34765550943381e+28,  -1.34765550943381e+28, -1.34765173154062e+28, -1.34765550943381e+28,  -1.34765550943381e+28, -1.34765550943381e+28, -1.34765550943381e+28,  -1.34765550943381e+28, NaN, -1.34765551027296e+28, -1.34765550943381e+28,  -1.34765550943381e+28, -1.34765550943381e+28, -1.34765550943381e+28,  -1.34765550943381e+28, -1.34765550943381e+28, -1.34765550943381e+28,  2.34024458975451e-136, -1.34765550943377e+28, -3.6986037180763e-74,  1.90379774298297e+185, -3.6899672717171e-74, -5.82365289114642e+303,  2.36466504127952e-308, 6.32404026676796e-322, 0, -6.97927559894218e+307,  NaN, -9.94530432121664e+119, -1.99996266084559, 2.42522003574093e-319,  -4.07287090387863e-185, -4.08806320202215e-185, 4.70457237382584e+83,  -6.83495195235578e+307, 8.39780591474288e+217, -0.00855736825980389,  2.41737052175387e+35, 2.4173705217461e+35), x = structure(c(NaN,  7.2911220195564e-304, NA), .Dim = c(3L, 1L)))
result <- do.call(RaceID:::applyProb,testlist)
str(result)