testlist <- list(v = c(NA, -7.61535618534756e+286, 1.35541299635807e+287,  2.38856982322401e+35, 2.4173705217461e+35, 2.4173705217461e+35,  2.4173705217461e+35, 2.4173705217461e+35, 2.06842848428708e+272,  2.06842847014058e+272, 2.46791605541152e-308, NaN, -1.70447452905271e+289,  -4.07273007801539e-185, -1.99990234375, 5.74696665176892e-318,  -1.70447452905271e+289, 5.52894194440266e-222, 2.61830011167138e+122,  2.61830011167902e+122, 3.54460088132995e+59, 9.61276001327369e+281,  9.61276249046606e+281, 7.03124034623837e-304, -1.55245107629125e+305,  9.61276248078953e+281, 3.44426042949967e-258, 1.3844750996383e-309,  5.21936525058362e-312, 0, 6.53867576129865e+286, NaN, 2.068428470151e+272,  -0.124023437325414, 2.64220863551595e-260, 4.77839059482352e-299,  3.47284216006423e+72, 6.53867576129956e+286, 1.6030326399313e-301,  2.41737052175103e+35, 2.4173705217461e+35, 2.4173705217461e+35,  2.4173705217461e+35, 2.41743572501775e+35, 6.53902428184382e+286,  -1.70447452905271e+289, 0), w = c(1.74662604310759e-273, 4.94660803733952e+173,  -6.93709084812503e+303, 8.67840552883787e+102, 9.64181630291718e-311,  1.29966500648488e-274, 1.50347607897155e-121, 2.46830497355181e-308,  0, 3.55701154426658e+59, 2.30921366801452e-271, 1.390671161567e-309,  NaN, -2.97369594613778e+284, -5.57653200149021e-189, -0.124999990883995,  9.43665383556781e-322, -2.35794477622875e-185, -1.18182126307662e-125,  -1.9843749986998, -1.71311916427781e-122, -2.35343743703793e-185,  -2.3534374397766e-185, -0.0435154020786285, NA, -1.99999999639112,  2.34229377581559e+24, NaN, NaN, NaN, 2.41737052174616e+35, 2.4173705217461e+35,  2.4173705217461e+35, 2.06842848428708e+272, 2.41744999193556e+35,  2.4173705217461e+35, 2.4173705217461e+35, -Inf, 4.22371477957865e+273,  NaN, -1.16211234694761e+306, NaN, -9.94530432121664e+119, -1.00252054090433e+120,  -1.00252054090433e+120, 3.8938792606766e-308, NaN, -1.54582444708494e+305,  3.76633449328534e-313, 0, NaN, 4.20840696613151e-311, NA, -8.13685300492273e+307,  0), x = structure(c(8.28901394419112e-317, 0.00597426470588235,  6.92446207850139e+274, 3.65226240869323e-306, 3.54462323280364e+267,  6.53867600240734e+286, 6.49015819003699e+286, 2.4173705217461e+35,  2.4173705217461e+35, 2.4173705217461e+35, 8.0730926717098e+35,  26884417291396.5, 6.98371750743966e+285, 1.0823846945931e+270,  1.10634994149677e+74, 0, 4.15911207283775e-312, 5.61381251431636e+112,  1.79707452225522e-307, 2.66994510863953e+122, 1.34857816304786e-309,  7.29024589417822e-304, 2.00000066496443, 2.62028903683082e-312,  6.53867576132537e+286, 1.35531969242786e+287, 2.41737052174607e+35,  0, 1.02355040477465e-314, 6.53845788855419e+286, 2.06842915296612e+272,  4.41377196814406e-312, 5.5325550422339e-222, 6.53495821905417e+286,  6.53867402436636e+286, 1.98838553050057e-289), .Dim = c(9L, 4L )))
result <- do.call(RaceID:::applyProb,testlist)
str(result)