testlist <- list(v = c(3.78565083061075e-270, -1.64754413548086e-183, 0,  0, -4.76392151146167e-122, 3.78565083061075e-270, 3.55505058601978e+59,  NaN, 1.71324225643948e-122, 2.41750096546467e+35, 2.4173705217461e+35,  4.15761666446294e+37, 2.43805857954182e+35, 3.50786608547285e-322,  -2.35794477622875e-185, -2.35797444868607e-185, 4.34591002946882e+59,  -1.99031573160677, NaN, -2.41786794225056e+24, 2.11010041578048e-266,  7.21122794960037e-304, 2.09712865229583e-314, -1.67533592010139e-122,  4.77830972678167e-299, 0, -Inf, -2.22263458573532e+307, NaN,  9.3164669798107e+242, 1.09940816252153e+169, -7.88040123932792e+115,  -0.124999990883995, 9.43665383556781e-322, -2.35794477622875e-185,  -3.4987615347461e-186, 3.2593897606434e-312, -8.03082519930786e+305,  -1.94946289004777, -3.1767491935272e-277, 5.47573393005018e-267,  7.08107504731332e-304, -1.68173066117982e-122, -2.35345497425248e-185,  -2.35345567535212e-185, 2.06847119984531e+272, 3.23363236356604e+161,  1.73940526560413e-273, 7.12023635302857e-304, 1.05560778026209e+70,  6.80702318978307e+279, 3.96573944649364e-317, -1.99996266083326,  NaN, -5.57670494225772e-189, NaN, 3.78568021949377e-270, -3.68996727170621e-74,  3.26754215062937e-312, 1.33360288657597e+241, 3.47256969279958e+72,  -1.65454976583483e-124, -4.24625431012221e-188, 2.41737052175387e+35,  2.4173705217461e+35, 2.4173705217461e+35, 2.41737052175091e+35,  2.06842847019584e+272, 2.06842847014058e+272, 1.61921272794789e+265,  1.9172102715593e+68, -8.77780208858115e+304, 9.27258435298957e-311,  5.34972919085965e+59, 9.61212832922035e+281, 6.02760087926321e-322,  -1.98437499943025, -1.73963512862069e-122, -9.92433627316192e+119,  1.04163993869177e-309, -9.68343704282591e+119, 2.22507386257134e-309,  3.25938962581783e-312, -8.03082519930786e+305, 3.43094374543289e-223,  -1.96485533105288e+307, 2.36466298562937e-308, -8.77780208853199e+304,  -Inf, 3.78576572855899e-270, 9.612762512105e+281, NaN, 0), w = c(-1.20897341996288e+265,  5.01264985159438e-304, 4.14453142834503e-317, -2.24711625470005e+307,  0.124999999783312, 2.06842882785344e+272, NaN, 6.70794324991791e-310,  0, 1.52104658620177e-310, 7.28578184229598e-304, -1.55247308328162e+305,  8.3978101228516e+217, 7.11750304968482e-38, -6.64358867624898e+304,  -2.6105962596279e+304, -6.69235256424527e-125, -1.77273161131179e-125,  3.02609783552269e-306, -3.68996726564656e-74, NaN, -3.74930621650882e-74,  NA, -1.02357115593579e+270, NA, 2.87660465578141e-306, 0, -1.98437499943025,  -1.20897341996288e+265, -1.41533545085244e-304, 4.52121101336541e-305,  -7.8804012392789e+115, 5.97288733297412e-301, 8.34403744209363e-310,  3.77384487429087e+242, -4.66320480992608e+304, -3.16681737362072e-277,  8.5072513790699e+36, 2.06835473359679e+272, NaN, 6.53915685503105e+286,  8.08635693558704e-174, 3.55701218031209e+59, 6.24562360028011e-85,  5.40866601738177e+262, 2.41737052175669e+35, 1.37437423356986e-309,  3.87206457200135e-310, 1.65780921169162e-316, 4.23458192962463e-140,  NaN, 0), x = structure(c(2.06842847152994e+272, -130060.061556798,  7.88188160159205e+67, 8.90202698878511e-307, 32.5072937011719,  0, 1.30440608820053e-307, 5.53290209906964e-222, 1.51973401415842e-47,  2.80307156003349e-309, 3.70252507347967e-305, 1.9680840716716e+243,  1.96800194722918e+243, NA, 4.94065645841247e-324, 4.94065645841247e-324,  4.94065645841247e-324, 4.94065645841247e-324, 4.94065645841247e-324,  3.47673116404872e-310, 1.16718025208105e-312, 1.25986739689518e-321,  3.22526053605166e-319, 0, 7.29112138126006e-304, 2, 3.23558650804974e-319,  1.35807730621777e-312, 0, 7.29110463142682e-304, NA, 1.51199684136229e+37,  6.75404027138033e-226, 1.10635007615662e+74, 1.86722496355553e+159,  1.03399974303418e-308, 8.90029701883956e-307, 2.06842847014058e+272,  4.20152736846548e+273, 6.19898547847027e-310, 7.11750304968475e-38,  7.11750304968475e-38, 7.11750304583805e-38, 0, 2.12199579096527e-313,  1.41533545085709e-304, 32.5078125, 4.60148523568023e-312, 1.94077822642955e+185,  5.92243259101826e+224, 6.24700832681753e-310, 8.55035259729748e+245,  1.84592043549528e-307, 1.4111782326184e+277, 2.53845492015455e+125,  7.29045786352093e-304, 2.61830011475731e+122, NA, 1.9035985662553e+185,  -Inf, 1.12514037018884e+267, 7.88188160159213e+67, 7.20211906204649e-304 ), .Dim = c(9L, 7L)))
result <- do.call(RaceID:::applyProb,testlist)
str(result)