testlist <- list(v = c(3.47256969279958e+72, 2.46830497354684e-308, 4.94661274684314e+173,  1.6773349324042e+271, -1.07398946476148e+306, -4.38889925503495e+304,  1.33360297475898e+241, 3.47256969279958e+72, 3.73718243785507e+196,  -3.17678798969871e-277, 2.41750096639496e+35, 2.4173705217461e+35,  -1.69004425810308e+289, -1.36885671197379e-309, -1.56342931587895e-248,  1.05658229938568e+34, 2.4173705217461e+35, 2.4173705217461e+35,  -1.98421221330178, 1.0901064388916e-32, 1.94810925219064e+289,  2.41744846983033e+35, 2.4173705217461e+35, 2.4173705217461e+35,  2.4173705217461e+35, 2.06842847014058e+272, 2.4173708262308e+35,  2.4173705217461e+35, 8.47699468350727e+102, NaN, -8.33536299723323e+298,  2.0684320926825e+272, 2.4173705217461e+35, 2.4173705217461e+35,  2.4173705217461e+35, 2.06842848428708e+272, 2.06842847014058e+272,  2.46791605541152e-308, 1.08501450769284e+169, 1.05495758916022e-19,  -4.07273007801539e-185, -1.99990234375, 5.74696665176892e-318,  0, 5.52894194440266e-222, 2.61830011167138e+122, 2.61830011167902e+122,  3.54460088132995e+59, 9.61276001327369e+281, 9.61276249046606e+281,  7.03124034623837e-304, -1.55245107629125e+305, 9.61208661001278e+281,  9.61276249046606e+281, -1.20042448647879e+303, NaN, 2.11317812453772e+272,  -2.2617174147306e-272, -0.00597426470588703, 5.99981168843394e-310,  1.30990564450567e-306, 1.05548698474888e-19, -4.07273007801539e-185,  -4.16462461047935e-185, 3.23785921002061e-319, 0, 5.61303510648419e+112,  -3.22781211221062e+119, 1.71327151231191e-122, 3.78565083393402e-270,  1.3906711407315e-309, NaN, 1.61921272794789e+265, 1.17605841691514e-171,  2.32220831781137e-312, -2.19307809813527e+307, 2.06842798646813e+272,  NaN, -1.21723351615185e+304, 6.53867576132548e+286, 6.53867576132536e+286,  6.38062178310007e-304, -6.43971608787621e+286, -1.70447452905271e+289 ), w = c(-1.70447452905271e+289, NaN, 2.41737008228231e+35, 2.4173705217461e+35,  2.4173705217461e+35, 2.4173705217461e+35, 5.21936525058362e-312,  NaN, -0.124999940395355, 2.06842915296612e+272, -1.72299831024578e-243,  2.46815371894011e-308, -7.88040417495733e+115, 4.55681219510152e-305,  NaN, 9.24175911773528e-247, 2.41737008669531e+35, 2.06935557524914e+272,  2.06842847014058e+272, -4.66739430147059e-05, 5.99981168843394e-310,  6.49456306833513e-140, 1.71324225643948e-122, -4.4942328371558e+306,  3.76633449328534e-313, 0, -2.04210600171967e+280, 2.61829961082626e+122,  2.61830011167902e+122, 1.08411601594798e-19, 9.45041721156476e+281,  5.43226599180498e-312, 0, 9.61276248011331e+281, -1.6353871244714e+135,  1.69604346498715e+59, 5.53598090655963e+112, 9.450417211611e+281,  9.61276249046606e+281, -1.6353871244714e+135, -1.76967186688591e+260,  1.34415958661339e+274, 2.06842857623934e+272, 4.94716940765033e+173,  -6.97927559894218e+307, NaN, -9.94530432121664e+119, 5.38985796606048e-312,  0, NaN, 2.06842847014058e+272, 2.06842857623934e+272, 4.94716940765033e+173,  NaN, -2.97369594613778e+284, -6.56991407008577e+124, -1.70447452905271e+289,  -1.32064095199884e+28, -1.34765550943381e+28, -1.34765550943381e+28,  -1.34765550943381e+28, 7.29091958146417e-304, 9.06614412643854e-318,  -7.90002535537858e+305, -4.66320252035353e+304, NaN, NaN, NaN,  NaN, NaN, NaN, 1.390671161567e-309, 3.54146254939006e-320, 3.47244113731042e+72,  -1.94946288800999, -1.58674418786698e+202, -1.94946289004781,  -3.1767491935272e-277, 3.53456523424564e-312, -3.05250018755032e-05,  -0.0250015255877082, 2.06847042598096e+272, -1.00238703763628e+120,  1.32064815917773e+268, -4.16462460863201e-185, 2.72996702397363e-135,  1.52104658618917e-310, 0), x = structure(c(1.60917276259533e-305,  2.5180615482655e-305, 3.58358940877774e+105, 4.62787595102712e+122,  1.40022088414915e+195, 1.41221192060224e+277, 6.79834328677555e-318,  4.41907490173796e-305, 2.61850185026461e+122, 1.90358164299905e+185,  1.90359856691081e+185, 2.06851952333476e+272, 1.60032382671222e+243,  9.48915677191066e+170, 4.94065645841247e-324, 4.94065645841247e-324,  2.12198757020699e-314, 8.90029701883956e-307, 2.29677715797963e+69,  2.4173705217461e+35, 2.4173705217461e+35, 2.4173705229792e+35,  2.41737052175103e+35, 2.06842847014058e+272, 2.06842847014058e+272,  63484.2693546154, 1.61189384548152e-306, 3.53078912037798e-310,  6.66415574434325e-21, 5.27361722591774e-312, 1.06718179501709e-321,  4.45348144072632e-120, 5.53289146774837e-222, 2.9893344690398e+121,  9.25838398918838e-305, 8.51591970688863e-109), .Dim = c(4L, 9L )))
result <- do.call(RaceID:::applyProb,testlist)
str(result)