testlist <- list(v = c(2.61830011167902e+122, NA, 1.05032085459533e-19, 1.07015958341147e-309,  1.06718179501709e-321, 2.15904213877361e-77, 4.34584737180161e-311,  -1.37153101719848e+304, -1.65435053267878e-124, 2.61830011167902e+122,  -2.35812398268696e-185, 2.07936727454998e+272, 1.61921272794789e+265,  1.9172102715593e+68, -8.77780208858115e+304, 2.0917922563356e+272,  NA, 1.01522935857838e-314, NaN, 3.55505058417826e+59, -7.74045653122002e-121,  -6.26575337767551e+118, 3.78565083062863e-270, 3.47287217347607e+72,  3.78576699078378e-270, -3.68996727170621e-74, Inf, 6.18529082331507e-317,  3.77384487429087e+242, NaN, -6.69235256424527e-125, 2.41737103129187e+35,  2.4173705217461e+35, 2.4173705217461e+35, 2.41737083742081e+35,  2.06843209164491e+272, 2.06842847014058e+272, 9.64181630293645e-311,  -4.40818632821444e+304, 5.94492972030667e-310, NaN, 1.25986739689518e-321,  -36893488147419103232, 6.99388261182402e-317, 0, 4.34584735359085e-311,  -5.48612406879494e+303, 3.76633449328534e-313, 0), w = c(-4.07287090387863e-185,  -4.08806320202215e-185, 4.70457237382584e+83, -6.83495195235578e+307,  1.05495723777255e-19, 2.08345060858484e-310, 1.29966500648488e-274,  4.7322064881397e-271, -3.05175970822797e-05, -1.29983730632066e+28,  -1.34765550943381e+28, -1.34765550943381e+28, -1.34765550943381e+28,  -1.34765550943381e+28, 5.43229037135076e-312, -6.69234962944429e-125,  NaN, -1.34765572425519e+28, -1.21716680745378e+304, -1.34765550943381e+28,  -7.74045570462631e-121, -1.53504628814894e+29, -1.34765550943381e+28,  -2.13357159782317e+269, 2.3854143723536e-24, -4.66749149290338e+304,  2.02865227925926e+272, 4.73775286051906e-299, -3.3633675446743e+257,  2.09712764044939e-314, -1.67533592010139e-122, 4.77830972678167e-299,  0, 2.46830497355173e-308, NaN, -1.34765572425519e+28, -1.34762611593722e+28,  -1.34765550943381e+28, -1.34765550943381e+28, -7.11959035488731e+297,  8.28904556439245e-317, 0, 4.58351115638737e-312, 0, 3.78576552912343e-270,  3.31561842338324e-316, 7.50314683502055e-121, 0, 4.58351115638737e-312,  0, 3.78576552912343e-270, 3.31561842338324e-316, 7.50314683502055e-121,  -1.34765550943377e+28, -1.34765550898531e+28, -1.34765550943381e+28,  -1.34765550942268e+28, NaN, 6.20865765803513e-317, -6.75028496418494e-125,  9.31771665423492e+242, 9.11397342032482e-306, 3.55505058601978e+59,  1.13193847429995e-72, -1.4403822236964e-277, -2.36704962721589e-185,  2.37636445787012e-212, 1.05495758765015e-19, -4.07273007801539e-185,  -4.16462461047935e-185, 8.65557759812674e+272, 2.46815371894011e-308,  1.16443471411093e-171, 2.00020873089753, 4.22371477957865e+273,  NaN, 2.59898715799524e-312, -6.97927559894218e+307, 9.64181836710319e-311,  -9.94530031338176e+119, -0.0435154094414416, -4.48435920370628e+307,  -3.68996746331294e-74, 9.25074782804318e-306, 0, 3.77384487429087e+242,  NaN, -6.69235256424527e-125, 2.41737103129187e+35, 2.4173705217461e+35,  2.4173705217461e+35, 2.41737083742081e+35, 2.06843209164491e+272 ), x = structure(1.36318219627807e-41, .Dim = c(1L, 1L)))
result <- do.call(RaceID:::applyProb,testlist)
str(result)