testlist <- list(v = c(1.06100004565633e-314, 0, -7.8804012392789e+115, -0.124996185302595,  1.71334535360375e-122, -1.00252054090432e+120, 4.06890601051057e-312,  -6.83495195233629e+307, 6.51878578208938e-310, 3.40085477199304e-223,  1.33374335533635e+241, 9.71026197883081e+281, -7.8804012392789e+115,  -0.124996185302595, 1.71334535360375e-122, -1.50341776999598e-121,  1.56867706918077e-305, -6.90464374781508e-74, 9.1460133942467e-306,  -1.99975585938375, NaN, 2.48154183192944e-24, 3.43104886597883e-223,  -6.69235413738316e-125, -6.97927815377127e+307, 1.58941648644373e-314,  -2.37589889019738e-185, -9.68147978828973e-123, 1.27069166279957e-309,  -1.00238703763628e+120, -1.2613710756264e+294, 0, 6.47581723317039e-319,  0, -1.9375, 9.61276250173101e+281, NaN, 2.11254135027239e-314,  3.78576572855616e-270, 9.61276249046606e+281, NaN, 1.34497462403755e-284,  3.11098315216858e-319, 0, -0.124999999999091, 2.24454022905678e-320,  8.96831017167883e-44, 7.23393460646103e-304, 2.06842847280787e+272,  4.99207256722682e+272, 3.40086719175135e-223, 2.12199594147743e-312,  -1.98437499943025, -1.73963512862069e-122, -8.13685569400241e+307,  2.06827308939621e+272, -0.124996185302253, -1.9999999813735,  NaN, -1.00252041898494e+120, -0.124023437464391, -9.68343704282591e+119,  -2.53609908689738e-187, -4.16462461047935e-185, 4.70457237382584e+83,  -1.95068293231158, -3.1765985164081e-277, 1.56645199805559e-305,  7.08107504731332e-304, -1.88160012465723e-183, 9.25614773668546e-311,  0, 0, 2.77448071521419e+180, 7.73613680201594e-304, NaN, -7.87176072469675e-20,  6.66134372235538e+286), w = c(1.33392844340985e+241, NaN, NaN,  NaN, NaN, NaN, NaN, NaN, 1.01043073578393e-309, 2.73634200306996e-282,  -1.99975633622654, 5.74696665176892e-318, -3.13930863084121e-104,  -4.66320252036351e+304, 6.42151936928587e-316, 3.78533555430539e-270,  -0.124996185301826, 1.71334535360375e-122, -2.88145688330161e+284,  4.89282647212619e-315, 2.08379173717468e+272, -1.25568449533337e-125,  -9.68343704282591e+119, -2.31321749163415e-185), x = structure(c(-2.35323214202182e-185,  4.94065645841247e-324, 4.94065645841247e-324, -2.35323214202182e-185,  -2.35323214202182e-185, 4.94065645841247e-324, 4.94065645841247e-324,  4.94065645841247e-324, NaN, 2.4173705217461e+35, 2.4173705217461e+35,  2.41737052175103e+35, 2.06842847014058e+272, 2.06842847014058e+272,  63484.2693546154, 1.61189384548152e-306, 3.53078912037798e-310,  6.66415574434325e-21, 5.2736172259128e-312, 9.61276249046606e+281 ), .Dim = c(10L, 2L)))
result <- do.call(RaceID:::applyProb,testlist)
str(result)