testlist <- list(v = c(2.00000156459282, 0, 0, 0, 0, 1.83851979148228e+283,  4.77830754152198e-299, 2.17134910797566e-24, 9.45041721156476e+281,  9.61276249046606e+281, -1.6353871244714e+135, -1.76967186688591e+260,  0, -5.48612406879369e+303, 6.92446207526434e+274, 1.18310730469858e-269,  -1.71324225456858e-122, -2.35343736659604e-185, -4.49423283768924e+306,  NaN, 3.78565008116921e-270, 0, NaN, 3.42326744775579e+72, -5.82776030488142e+303,  -8.13685300605216e+307, 5.2404939651361e-304, 5.00465350599614e-304,  0, 1.27605887595352e+38, -3.7493062149067e-74, -3.68996727170329e-74,  -1.02357115593579e+270), w = c(0, -1.98437499943025, -1.73963512862069e-122,  -1.00252054090247e+120, 1.04163993869177e-309, -3.35840403792362e+117,  3.76633449328534e-313, NaN, -0.124023437304459, -5.48612406879369e+303,  NaN, 1.45367744859121e+135, NaN, 2.49230249209672e+35, 2.4173705217461e+35,  2.4173705217461e+35, 2.4173705217461e+35, 2.06842847014058e+272,  2.06842847014058e+272, 9.31646697974494e+242, 1.09940816252153e+169,  5.25486528035228e+173, 9.27554241065013e-300, 8.01957065436174e-315,  1.50347607897155e-121, -2.35343675455792e-185, 1.33360364967065e+241,  3.47256969279958e+72, 3.73718243785507e+196, -3.17678798969871e-277,  9.05022729137125e-310, -1.71324150513581e-122, 2.45076411369956e+35,  1.39067116133336e-309, 0, 3.472441130729e+72, NaN, NaN, -8.33890858456641e+305,  NaN, NaN), x = structure(c(2.59116914322677e-309, 2.59116914322677e-309,  8.43132907379376e+136, 33.9364014586196, 2.61850185026461e+122,  1.903465784399e+185, 9.61214493927399e+281, 1.89938994312987e+185,  5.54844093031519e-304, 5.46834151468061e-304, 63487.9998779297,  39045962478487863296, 1.73159977644638e-24, 6.53848697971507e+286,  2.0684284701406e+272, 2.59116914322677e-309, 5.82657372108248e-85,  3.23790861658519e-317, 6.77605435279996e-21, 2.06842847280787e+272,  1.72412967542489e-314, 61440.0161764706, 6.53866123967587e+286,  6.53867575454037e+286, 6.38061832002832e-304, 1.8900700671085e-224,  2.56734752865526e-289, 2.56734752865526e-289, 2.5673475286846e-289,  2.56734752867024e-289, 6.4252907191467e+286, 2.4173705217461e+35,  2.4173705217461e+35, 2.4173705217461e+35, 2.4173705217461e+35,  2.4173708447999e+35, 2.06842847014058e+272, 2.06842846794179e+272,  2.08094712985638e-306, 9.48886076195089e+170, 2.39826583495867e-21,  1.90359856624738e+185, 32.5000305175781, 0, 0, 2.11991224054472e-314,  1.61280333888472e-305, 2.61830113765788e+122, 8.22751897802407e+62,  9.61276249046606e+281, 7.65790108507388e+279, 4.33652464662703e-316,  5.27361722591774e-312, 9.61276249046606e+281, 1.0655981725373e-255,  2.59116914322677e-309, 0, 5.4269835127736e-312, 7.36237673770767e-310,  2.07373083816189e+272, 4.18634103082863e-149, 4.18634103082863e-149,  4.18634103082863e-149, 4.18634103082863e-149, 4.18634103082863e-149,  4.18634103082863e-149, 4.18634103082863e-149, 4.18634103082863e-149,  4.18634054828702e-149, 32.0000265682445, 4.18634104351044e-149,  2.06842847014059e+272, 2.06646678824188e+272, 63484.2812498137,  1.17798029071027e-309, 1.80827801594336e-307, 4.18634103084805e-149,  2.11317809934475e+272, 8.68860604864007e-227, 1.88736816508943e+242 ), .Dim = c(8L, 10L)))
result <- do.call(RaceID:::applyProb,testlist)
str(result)