testlist <- list(v = c(-0.0435154133028934, -4.48435920370628e+307, -1.99999999639112,  NaN, 6.53902607532045e+286, 2.46830497355186e-308, -6.37338963983285e-188,  1.00020238471886e+242, 5.94485329359848e-310, NaN, -2.91489374820433e-300,  5.37707847722212e-317, 4.94660802949274e+173, 3.78576573348856e-270,  2.46830497355186e-308, 0, 6.47581723317039e-319, 0, -1.9375,  8.28090682100851e-317, 8.16289512019463e+62, -0.1240234375, NaN,  1.05560812024023e+70, 6.80702318978307e+279, 9.61276249046606e+281,  4.77830754152198e-299, -2.11604788855961e+265, 1.21046083231105e-321,  0, -3.36329623629549e+257, -3.68996727170329e-74, 1.38525974096167e-309,  2.8481624529902e-306, 0, 0, -1.99996266083326, NaN, -1.00252041898494e+120,  4.52121101207231e-305, 0, 0, 3.472441130729e+72, 5.35024631159109e+59,  -4.08806320203915e-185, 9.34531022166044e-307, 7.29112198284587e-304,  NaN, 1.06473260807474e-309, 2.46830497355186e-308, 2.61012178719941e-53,  2.05226846181155e-289, 0, -7.61352767743673e+286, 1.35541299635807e+287,  NaN, 2.4173705217461e+35, 2.41737052175091e+35, 2.06842847019584e+272,  2.06842847014058e+272, 0), w = c(-7.8804012392789e+115, -1.0024893295419e+120,  -0.122634878579307, 9.43665383556781e-322, 2.41766298241023e+35,  -0.124023437331997, 8.39911597930119e-323, 9.64181630293645e-311,  0, -1.55247308219588e+305, 1.07735218332979e-308, 8.44460368289263e-227,  -1.71311828017681e-122, 7.51906100721867e+123, -2.78135733181823e+305,  3.78576572855627e-270, 9.61276249046606e+281, NaN, 1.34497462403755e-284,  3.11098315216858e-319, 0, NaN, 2.06842847014062e+272, 2.06845563142313e+272,  6.46446268893915e-310, -6.97927559894228e+307, -1.21716680743788e+304,  1.17420133100325e-171, NaN, 2.068428470151e+272, 6.5554484373893e+286,  1.34913439234535e-89, 3.12132995242661e+37, 2.4173705217461e+35,  2.4173705217461e+35, 2.4173705217461e+35, 2.4173705217461e+35,  2.4173705217461e+35, 2.06843210675954e+272, 3.75419662295336e+284,  2.4173705217461e+35, 6.53867575843349e+286, 3.12132995242661e+37,  2.4173705217461e+35, 2.4173705217461e+35, 2.4173705217461e+35,  2.4173705217461e+35, 2.4173705217461e+35, 2.04300791733401e+272,  1.29276779383786e+271, 9.60991510821178e+281, 1.48915073901592e+38,  1.09117582968278e+34, 3.22876840213713e-319, 0, -1.71324177561803e-122,  8.6446791767886e+245, 5.94485329359848e-310, -0.000411987395640512,  NaN, 2.48121524922749e-24, 9.43665383556781e-322, 1.38984033780319e-309,  0, 0, 1.06102976864558e-314, 4.80627060274365e-320, 0, 0, 0,  0, 0, 0, 0, 0, 0, 0, 0), x = structure(7.83449137665557e-174, .Dim = c(1L,  1L)))
result <- do.call(RaceID:::applyProb,testlist)
str(result)