testlist <- list(v = c(-1.6353871244714e+135, -1.76967186688591e+260, 0,  -7.8804012392789e+115, -7.56998107377723e-73, -3.68996727170329e-74,  -5.48745824269534e+303, 6.95336990233693e-310, 0, 0, -2.24711625470005e+307,  -7.74045653122002e-121, -1.00252054042808e+120, 4.52120969772801e-305,  8.67840425562079e+102, 9.64181630291718e-311, -1.23430600787497e+304,  -2.24711614965022e+307, -1.68173066117987e-122, -2.24711550884608e+307,  NaN, 1.05495758916473e-19, -4.07273007801539e-185, -4.16462461047935e-185,  -9.68147978712329e-123, 1.56867706918077e-305, -1.89819892779955e+307,  -1.68173066117987e-122, -2.35345497425248e-185, -2.35345567535212e-185,  -2.79509961696228e-124, 9.01480864829675e-305, NaN, -5.48612443153759e+303,  2.41737126421327e+35, 2.4173705217461e+35, 2.4173705217461e+35,  2.30576737793235e+272, 2.06842847014058e+272, 7.17049683908579e-304,  3.22678998340148e-307, -1.999755859375, NaN, 5.42486159824951e-312,  0, 0, -4.84014898293011e-122, -4.89892141846038e+200, 2.66565323950091e-135,  1.52104658618917e-310, 7.28578184229598e-304, NaN, NaN, NaN,  NaN, NaN, NaN, NaN, NaN, 6.4757678266058e-319, NaN, 1.35807730725037e-312,  0, 2.00000156459282, 0, 0, 0, 0, -0.124023437267169, 8.39911597930119e-323,  -2.97383244251918e+284, -0.0004124641418424, NaN, NaN, 3.45845952088873e-323,  -1.55247308328162e+305, 4.06133674774316e-312, -1.21723351343944e+304,  1.04163998887829e-309, 3.43184777203925e-307, -2.35345568217046e-185,  9.11397342032487e-306, 3.55505058601978e+59, 3.73719134406267e+196,  -3.17678798969871e-277), w = c(1.39056500355296e-309, 0, 6.53867576110378e+286,  1.35531969333636e+287, 2.41737084289008e+35, 5.9083020048414e-315,  0, 6.53867570460007e+286, -1.53538574070623e-248, -0.124023437379476,  8.39911597930119e-323, -2.97383244251918e+284, -0.0004124641418424,  -1.06345570473541e+306, 4.94660802949286e+173, 1.17339464375379e-309,  4.06890620655582e-312, NaN, 3.76301887486195e-313, 1.69655110406193e+59,  7.11750304968475e-38, 7.11750304968475e-38, 7.11750280445752e-38,  7.11750304968475e-38, 7.11750304968475e-38, 1.82033941806266e-317,  0, 8.96831017168393e-44, -3.88625652071364e-77, -5.90082642180746e-74,  1.95458780853993e+185, -3.68996727524016e-74, 6.38034606201239e-304,  8.95158647109717e-227, 1.6189543082926e-319, 0, -1.00238703763628e+120,  -9.68170137297476e-123, -1.11717508610201e+119, NaN, 6.20865765803513e-317,  -6.75028496418494e-125, -1.65454977394257e-124, 3.47244113074443e+72,  -3.35840404072346e+117, 6.24436687235299e-85, -2.62777756111695e-301,  2.41737052373652e+35, 2.4173705217461e+35, -1.21723351343939e+304,  -2.08212600444896e+269, 6.98433247096157e+285, 9.98586254339391e-315,  2.4173705217461e+35, -0.00130040131363214, 3.43104886595379e-223,  -6.69235413738316e-125, -1.00252054090433e+120, -1.00252054090433e+120,  1.33392815353235e+241, 1.25852568471282e-312, 0, 0, 0, 0, 0,  0, 0, 0, 0, 0, 0, 0, 0, 0, 0, 0, 0, 0, 0, 0, 0, 0, 0, 0, 0, 0,  0, 0, 0, 0, 0), x = structure(c(6.70248779932318e+124, 8.08634922390439e-174,  1.42903495655523e-284, 3.640717457559e+59, 6.6484691489742e+246,  1.07711465330785e+185, 1.90358212394489e+185, 5.48378210667223e-304,  1.34722458694127e-309, 33.8671874995357, 1.54352995224185e-307,  5.82211046924689e+286, 6.53867576132538e+286, 6.53865761257594e+286,  2.4173705774534e+35, 2.49230249209669e+35, 7.19876836576435e-310,  6.07700744384733e-322, 2.06860260582645e+272, 6.53867576065765e+286,  33.8596090078354, 2.78677508681513e-309, 3.28012215045878e-307,  2.06842847014058e+272, 2.09185674540645e+272, 1.292894548046e-309,  7.28418575610092e+68), .Dim = c(3L, 9L)))
result <- do.call(RaceID:::applyProb,testlist)
str(result)