testlist <- list(v = c(NA, NaN, Inf, NA), w = c(-2.11604788855961e+265, 1.21046083231105e-321,  NA, -3.36329623629549e+257, -3.68996727170329e-74, 1.38525974096167e-309,  2.84814072375331e-306, 0, 0, -1.99996266083326, -1.99999911244595,  NaN, -5.48725757122267e+303, 1.50346117938021e-307, NaN, -1.0739894647615e+306,  -5.4871006088687e+303, 5.43230922486616e-312, 3.16202013338398e-322,  -0.0444335639476776, NaN, NaN, NaN, NaN, NaN, NaN, NaN, 6.80564733841877e+38,  2.4173705217461e+35, 2.4173705217461e+35, 2.4173705217461e+35,  2.0684284701408e+272, 2.06842847014058e+272, 3.23363236356604e+161,  1.73940526560413e-273, NaN, -5.48612443121825e+303, 7.12072648772666e-38,  7.11059277494722e-320, 0, 8.31389709443701e+222, -3.55291966624954e-74,  -3.69860344025838e-74, 1.90379774298297e+185, -3.6899672717171e-74,  -5.82365289114642e+303, 2.36466504127952e-308, 6.32404026676796e-322,  NaN, -6.97927559894218e+307, NaN, -9.94530432121664e+119, NaN,  -5.48612443153759e+303, NaN, 5.48649138080516e-222, -1.99982383474708,  5.74696665176892e-318, 0, -1.68173066117454e-122, -7.8713894563789e-124,  1.3373681192997e-309, -2.39020982575414e-185, -2.79509961696228e-124,  NaN, 3.50786608547285e-322, 6.42391304462402e+286, 6.53867576132536e+286,  6.53873747833573e+286, 2.4173705217461e+35, 9.01521583966523e-320,  -1.99996266083326, 1.39234572115126e+188, NaN, -0.124023437464391,  NaN, -2.3534549753269e-185, 0), x = structure(c(6.7026457564961e+124,  4.45348144361176e-120, 2.75222232409741e-317, 1.39612477366441e-308,  1.0885840027782e-311, 8.73989883558703e+245, 2.10542590132621e-314,  2.98933397651473e+121, 3.47673116404872e-310, 6.95525183171534e-309,  1.3852600706799e-309, 7.79843970373607e-274, 1.13191156041017e-72,  2.11317683477388e+272, 6.64834554227978e+246, 1.41120740024955e+277,  2.6556028463967e-320, 1.03854393443328e-309, 6.35434037791356e-308,  1.90358164299909e+185, 6.24700832681753e-310, 8.55105842028399e+245,  6.64834554229096e+246, 6.2043180137731e+277, 1.74037588141454e-315,  19148.0000152588, 32.5072937011719, 5.63234836259021e-322, 2.51583646973188e-305,  8.01393479003712e-274, 4.49080531892269e-273, 4.94688987885314e+173,  8.55033363673726e+245, 2.3560465840115e+69, 1.40022088414915e+195,  1.41221192060224e+277, 3.47673116404872e-310, 6.95525183171534e-309,  1.3852600706799e-309, 7.79843970373607e-274, 1.13191156041017e-72,  2.11317683477393e+272, 4.94065645841247e-324, 4.94065645841247e-324,  4.94065645841247e-324, 4.94065645841247e-324, 4.94065645841247e-324,  9.14021444806306e-322), .Dim = c(6L, 8L)))
result <- do.call(RaceID:::applyProb,testlist)
str(result)