testlist <- list(v = c(-1.00252054042808e+120, 2.06835473359683e+272, NaN,  6.53915685503105e+286, 2.06941774777879e+272, NaN, 6.53867576132548e+286,  6.53867576132536e+286, 6.53873637219446e+286, 2.41737052445902e+35,  2.4173705217461e+35, 2.4173705217461e+35, 2.4173705217461e+35,  2.4173705217461e+35, 6.80429311309509e+49, 6.53587667067412e+286,  2.41737084198858e+35, 6.92308421076402e+285, 6.53873747833573e+286,  2.04955191493334e+272, NaN, 6.66183574998047e+286, 2.32168354552235e+272,  NaN, 6.53867576135404e+286, 6.5386757613245e+286, 6.55419214381275e+286,  2.41737121625426e+35, 2.4173705217461e+35, 2.4173705217461e+35,  2.4173705217461e+35, 2.4173705217461e+35, 2.4173705217461e+35,  5.82210855460539e+286, 2.41745250382238e+35, 2.4173705217461e+35,  6.55447531597794e+286, 2.41737121625426e+35, 2.4173705217461e+35,  2.4173705217461e+35, 2.4173705217461e+35, 2.4173705217461e+35,  2.4173705217461e+35, 2.0684284686254e+272, 2.06842814769519e+272,  1.61921272794789e+265, 1.9172102715593e+68, 4.94661004608305e+173,  -7.10002298861614e+139, 2.30583537716104e+272, 1.03845937352747e+34,  2.4173705217461e+35, -2.20029393380268e+307, NaN, -2.97369594613778e+284,  -6.97906194432799e+307, 1.58941648644373e-314, 0, 0, 3.55701218031209e+59,  NaN, 2.04298081598662e-53, -1.4403822236964e-277, 2.1331466708054e-312,  2.37636445786904e-212, -2.90875126812013e+284, 7.29045709947505e-304,  2.32093289636827e-315, -7.90002535537858e+305, -1.59097597765522e+305,  6.44375338165686e+250, -1.99981693179865, 1.80370216928713e-312,  2.46789816407446e-308, 4.09683848636598e+245, 3.50765418071735e-316,  -7.68434496363611e-121, 1.25986739689518e-321, 0, 0, -9.83238157782748e-123,  1.27069166279957e-309, -1.00238703763628e+120, 8.50705917302725e+36,  -1.58685367337041e+202), w = c(-9.60560724265724e-123, -1.37153101719842e+304,  NaN, 3.15907209631794e-306, 2.10042128016489e-319, 5.27276545772504e+59,  3.75489890839347e-322, 1.57792705123078e+111, NaN, -4.84073931512146e-122,  -2.22263421593521e+307, NaN, -1.99980068573495, 3.36984249391063e-223,  -0.124023437371758, 8.39911597930119e-323, -2.97383244251918e+284,  3.55701218443558e+59, 2.32943184858786e-271, NaN, 3.76633449328534e-313,  NaN, -2.97369594613778e+284, 1.17690450938316e-309, 2.39575819141075e+35,  2.30591054368664e+272, 2.06843233450635e+272, 6.53867576132548e+286,  5.40866602095717e+262, 2.41737052175669e+35, NaN, 6.66183484237737e+286,  2.4173705217461e+35, 2.4173705217461e+35, 2.4173705217461e+35,  2.30675793017823e+272, 1.63100339038265e-65, 2.41737052175098e+35,  6.53848623956252e+286, 5.34906223548487e+286, 2.41737052174614e+35,  2.4173705217461e+35, 2.4173705217461e+35, 2.4173705217461e+35,  2.4173705217461e+35, 3.11789031127824e-99, 2.06842847014058e+272,  1.66954663042674e-319, 0, 0, 0, 0, 0, 0, 0), x = structure(c(0,  2.62029033199426e-312, 6.53873747830933e+286, 6.92308421076402e+285,  2.4173705217461e+35, 2.4173705217461e+35, 2.4173705217461e+35,  2.41737052174614e+35, 4.73268600332007e+36, 2.28216718393954e+36 ), .Dim = c(1L, 10L)))
result <- do.call(RaceID:::applyProb,testlist)
str(result)