testlist <- list(v = c(6.24436687235299e-85, -2.62777756111695e-301, 1.38095509181717e-314,  -6.6923525642006e-125, 2.41737103129187e+35, NaN, NaN, NaN, NaN,  NaN, NaN, NaN, NaN, NaN, 2.41737166511723e+35, 2.4173705217461e+35,  2.4173705217461e+35, 2.30576737793235e+272, 2.06842847014058e+272,  2.06842847014058e+272, 1.35492756155359e-306, 1.38495072895757e+219,  5.43252080277174e-310, 3.55701117031937e+59, 6.29981840229905e+286,  9.61276537968772e+281, 4.77830754152205e-299, -2.11604788855961e+265,  1.21046083231105e-321, 0, -3.36329623629549e+257, -3.68996727170329e-74,  1.38525974096167e-309, 2.84814072375331e-306, 0, 0, -1.99996266083326,  NaN, 1.41533527873208e-304, 2.00000156462192, 0, 1.02509152661427e-304,  2.07226151461452e-317, 0, 0, 0, -0.00732421875, -1.00238703764331e+120,  -2.35343736826558e-185, -1.58685367337041e+202, -4.66320480996472e+304,  -3.16681737362072e-277, 9.04848699967546e-310, 1.38566325150032e-309,  -2.39020280950479e-185, -9.68169851592031e-123, -1.37153101719842e+304,  -1.65435053267878e-124, -2.35794450117824e-185, -2.35812398268696e-185,  2.07936727454998e+272, 1.61921272794789e+265, 4.13364801318735e+242,  2.8187621984954e-288, -1.07398946476149e+306, 3.43104886597885e-223,  -6.69235413738316e-125, -6.97927815377127e+307, 1.58941648644373e-314,  -2.37589889019738e-185, 1.63368170995169e-24, 2.37489295768941e-315,  1.33392844340985e+241, 1.13186288857167e-72, -1.4403822236964e-277,  1.46939800781049e+277, -3.16681737362286e-277, 9.32010246091902e-310,  -1.99977493286133, NaN), w = c(-0.0446231617647059, 3.47287155522919e+72,  5.3507309444607e-321, NaN, NaN, NaN, NaN, NaN, NaN, NaN, NaN,  2.64617829794173e-260, 8.20251275401231e-304, 5.12816368629538e-23,  8.19178429541779e-317, -1.98437422273347, 6.38062178312733e-304,  -9.23696478773723e-311, 0, NaN, NaN, 1.06306387231588e+224, 3.60621897426107e+228,  8.90029543402898e-307, -0.124996185302034, 1.71334535360375e-122,  -2.88145688330161e+284, 4.89282647212619e-315, 2.08379173717468e+272,  -1.25568449533337e-125, 5.73116149175846e-322, -5.82766743733431e+303,  9.73902201082265e-320, -1.71311800953906e-122, 1.38338380835549e-322,  1.90214075820868e-90, 3.7371824378402e+196, -1.65890940015657e-277,  2.26730663849509e-306, 0, 1.14076371726502e-309, 8.09477154146298e-320,  3.78576699573368e-270, 0, 0, 9.19865003070903e+58, NaN, NaN,  NaN, -1.58201838490663e-124, -1.34765550943206e+28, -1.34765550943381e+28,  -1.34765550943381e+28, -1.34765550943381e+28, -1.34765550943381e+28,  7.06346567373018e-304, 3.8043054729776e-322, 4.77830972673648e-299,  0, 1.14078493689914e-309, 8.09477154146298e-320, -5.48612406879369e+303,  1.35807730725037e-312, 0, 0, 0, 0, 1.14077960333448e-309, 8.09477154146298e-320,  -5.48612406879369e+303, 1.35807730725037e-312, 0.124999940395355,  2.06842847014058e+272, NaN, 2.62029033199426e-312, 0, 5.5869831887595e+286,  6.53867576132537e+286, 1.89463448486069e+285, 2.4173705217461e+35,  0, 3.54438021329823e+267, 6.53867576132537e+286, 2.28314464164578e+36,  2.4173705217461e+35, 3.15617137175879e+267, 2.06842847014058e+272 ), x = structure(c(1.17663008689636e-312, 4.94065645841247e-324,  4.94065645841247e-324, 4.94065645841247e-324, 3.24540533154368e-315,  4.81580101263161e-116, 6.95842737777541e-309, 1.1779802203349e-309,  2.43660616480548e+187), .Dim = c(9L, 1L)))
result <- do.call(RaceID:::applyProb,testlist)
str(result)