testlist <- list(v = c(7.632448349451e-304, 2.05565106070374e-314, NA, -4.27210481672251e+304,  -1.99999999999994, NaN, Inf, 8.39911597930119e-323, 1.53364331956237e+242,  NaN, -4.27210481672251e+304, 9.19864857806832e+58, 0), w = c(0,  0, 0, 0, 0, 0, 0, 0, 0, 0, 0, 0, 0, 0, 0, 0, 0, 0, 0, 0, 0, 0,  0, 0, 0, 0, 0, 0, 0, 0, 0, 0, 0, 0, 0, 0, 0, 0, 0, 0, 0, 0, 0,  0, 0, 0, 0, 0, 0, 0, 0, 0, 0, 0, 0, 0, 0, 0, 0, 0, 0, 0, 0, 0,  0, 0, 0, 0, 0, 0, 0, 0, 0, 0, 0, 0, 0, 0, 0, 0, 0, 0, 0, 0, 0 ), x = structure(c(3.21867040241349e-57, NaN, 3.21867040241349e-57,  3.21867040241349e-57, 3.21867040241349e-57, 3.21867040241349e-57,  3.21867040241349e-57, 3.21867040241349e-57, 3.21867040241349e-57,  3.21867040241349e-57, 3.21867040241349e-57, 3.21867040241349e-57,  3.21916580323757e-57, 1.79539453766978e-317, 1.70997006833166e-304,  2.61830011167902e+122, 2.61830011167902e+122, -Inf, 2.06842847280787e+272,  -Inf, 6.53867576110378e+286, 6.53867576132537e+286, 1.34342355671689e+287,  2.4173705217461e+35, 2.4173705217461e+35, 2.4173705217461e+35,  2.4173708447999e+35, 2.06842847014058e+272, 2.06842847014601e+272,  2.08094712985641e-306, 1.95458781129032e+185, 4.2949115350583e+83,  1.84592043549528e-307, 1.41117833084301e+277, 3.38460656020607e+125,  7.29045735885712e-304, 1.01861364123514e-306, 9.16708827249027e-306,  5.10239719909683e+173, 1.17136094930682e-225, 1.60032382671222e+243,  9.48797741322184e+170, 4.94688988752489e+173, 7.92331575046312e+102,  2.02865099956095e+272, 1.39067114084438e-309, 6.53867575487275e+286,  3.99786458291753e-317, 6.81244872134916e+274, 6.53867600243568e+286,  1.390671161567e-309, 0, 1.08409050310281e-19, 0, 5.82886779797175e-309,  2.17292368994844e-311, 8.26147324289499e-317, 6.53495817637256e+286,  2.08094712985641e-306, 2.42823856935976e-172, 126982.250000223,  2.05451537380658e+272, 5.63969838550282e-304, 8.28904556439245e-317,  2.00025275735294, 5.77662200276745e-275, 5.82211046924689e+286,  6.53867576132538e+286, 1.82724637350709e+289, 0, 4.15911202349047e-312,  0, 3.47427589618935e-316, 5.69618907756624e-304, 0, 1.48090183318345e-304,  6.92424993195724e+274, 0, 6.24700833976916e-310, 5.27881681480474e-312,  97728.0479367724, 2.66994518958995e+122, 1.89926621265666e+185,  1.90359850202752e+185, 1.3491224066546e-309, 1.34721268776835e-309,  33.8671874995343, 2.69043967225887e-283, 7.2911220195564e-304,  2.12199579047121e-314, 5.41108926637351e-312, 2.59104923257907e+161,  4.4908053189229e-273, 1.8079827410872e-307, 0, 3.01217302246703e-310,  3.41814568635172e-304, 2.61856276545233e+122, 8.44254251528635e-227,  7.01276777707065e-320), .Dim = c(10L, 10L)))
result <- do.call(RaceID:::applyProb,testlist)
str(result)