testlist <- list(v = c(2.32220831781137e-312, -2.19307809813527e+307, 2.06842798646813e+272,  NaN, -1.21723351615185e+304, 6.53867576132548e+286, 6.53867576132536e+286,  6.38062178310007e-304, -6.43971608787621e+286, -1.70447452905271e+289,  -1.70447452905271e+289, -1.70447452905271e+289, -1.70435930339436e+289,  6.53867576135317e+286, 6.5386757613245e+286, -2.07087737215364e+289,  6.32121730087313e+284, -1.70447452905271e+289, -1.70447452905271e+289,  -1.70447452905271e+289, -1.67497676051635e+289, 6.55447713830259e+286,  2.41725801901749e+35, 2.4173705217461e+35, 2.4173705217461e+35,  2.4173705217461e+35, 2.4173705217461e+35, 2.06842847019584e+272,  2.06842847014058e+272, 1.61921205527439e+265, 3.60599309817181e+228,  -1.65435053268906e-124, -2.35794450117824e-185, NaN, -0.124999976158142,  2.24454022905678e-320, 8.96831017167883e-44, -1.23437177608215e+304,  2.61830011167899e+122, 2.61830011167902e+122, -1.55245189704911e+305,  9.61276248078953e+281, 3.44426042949967e-258, 1.3844750996383e-309,  -1.56327948949225e-248, 1.05658229938568e+34, 2.4173705217461e+35,  2.4173705217461e+35, 2.4173705217461e+35, 2.4173705217461e+35,  2.06843209164491e+272, 2.06842847014058e+272, 3.35357653513092e-223,  5.7772304559585e-275, -2.61059625495556e+304, -6.69235256424527e-125,  NaN, NaN, 1.47122440651823e-315, 0, NaN, 1.52104658297651e-310,  1.39054384181954e-309, NaN, 7.29112201955625e-304, -5.48612406879369e+303,  6.38288799106634e-315, 1.01041017894971e-309, 2.12199579047121e-314,  -5.48612406879369e+303, 2.781342323134e-309, -7.87176088166837e-20,  -7.8709854199588e-20, 5.34649556929569e-312, 7.06327445644526e-304,  -1.26288557242226e+289, -7.87079318828363e-20, 5.30498976891191e-315,  0, 7.99864612940811e-317, 0, -2.2226335184123e+307, 3.73755010291594e+196,  7.29112201951297e-304, 0), w = c(-Inf, 1.38495072895757e+219,  5.4323092248711e-310, 2.06842847014602e+272, 2.46815371894011e-308,  2.0683547335968e+272, NaN, 6.53915685503105e+286, 2.06941774777879e+272,  NaN, 6.53867576132548e+286, Inf, NaN, 2.41737052445902e+35, NaN,  2.4173705217461e+35, 2.4173705217461e+35, 2.4173705217461e+35,  6.80429311309509e+49, 6.53587667067412e+286, 2.41737084198858e+35,  6.92308421076402e+285, 6.53873747833573e+286, 2.41737052445902e+35,  2.4173705217461e+35, 2.4173705217461e+35, 2.4173705217461e+35,  2.4173705217461e+35, 2.4173705217461e+35, 2.06842847013466e+272,  2.06842846888103e+272, 3.23363236356604e+161, 1.73940526560413e-273,  8.90029544536771e-307, 2.06843210912026e+272, 3.75419662295336e+284,  2.4173705217461e+35, 6.53867575843349e+286, 3.12132995242661e+37,  2.4173705217461e+35, 2.4173705217461e+35, 2.4173705217461e+35,  2.4173705217461e+35, 2.4173705217461e+35, 2.04300791733401e+272,  1.29276779383786e+271, -0.00597426470588235, 5.99981168843394e-310,  1.30990564450437e-306, -3.15019039775028e+119, 2.22507386257134e-309,  3.25938962581783e-312, -8.03082519930786e+305, -1.94946289004777,  Inf, 2.45076435185496e+35, 7.29047980216037e-304, 2.32093289636827e-315,  -7.90002535537858e+305, -1.59097597765522e+305, 2.17813870680431e-306,  2.41737052002269e+35, 2.4173705217461e+35, 7.0790724774101e-304,  -7.10002094917895e+139, 2.30583537716104e+272, 2.97403382216928e+284,  -1.97036082492893e-41, NaN, 2.06842847014058e+272, 2.06842857623934e+272,  -7.74363424930943e-124, 1.08646184497422e-311, 0, 0, NaN, NaN,  1.35492756155359e-306, 1.38495072895757e+219, 5.4323092248711e-310,  2.06842847014602e+272, 2.46815371894011e-308, 1.16443471411093e-171,  1.37437423356986e-309, 0, 9.88131291682493e-324, 0, 7.06416100931076e-304,  3.8043054729776e-322, NaN, 1.25986739689518e-321, NaN, 1.65780916228505e-316,  NaN, 0), x = structure(c(1.36348839563018e-309, 2.29707170585701e+69,  1.18070705530277e-309, 5.33158658994825e+120, 6.53867576132537e+286,  2.8691553313649e+248, 2.41737052174612e+35, 2.06842846510237e+272,  2.06842847014058e+272), .Dim = c(1L, 9L)))
result <- do.call(RaceID:::applyProb,testlist)
str(result)