testlist <- list(v = c(-3.0517578125e-05, -4.20071196236987e-185, 2.79282616112097e+257,  1.27069166274235e-309, -2.39020280950096e-185, 2.77448001458859e+180,  2.77448001762435e+180, 2.77448001762435e+180, 2.77448001762435e+180,  2.77448001762435e+180, 2.77448001762435e+180, -1.07442311059783e+306,  6.53867576132471e+286, 1.80891055413399e+65, 2.06842846968415e+272,  NaN, 1.47122440651823e-315, 5.96174717471693e-310, 1.69475247775666e-24,  NaN, 2.77448002033661e+180, 7.29023545848918e-304, 8.256791476835e-317,  8.50456125597801e-314, 2.77428082857002e+180, 2.77448001762437e+180,  NaN, 5.30498947741318e-315, 4.44366886271322e+220, 1.25200989575568e-312,  -2.22263458574752e+307, 3.65357830774657e+228, -1.65784060312952e-249,  2.4385469481586e+35, 2.4173705217461e+35, -1.98421221330178,  1.0901064388916e-32, 7.11750304973597e-38, 7.11750304968475e-38,  3.85262511254795e-38, 7.11750304968475e-38, 7.11750304968475e-38,  3.05402294304909e-310, -8.91495161178974e+303, 1.01217544657691e-311,  -2.04210597974314e+280, -3.68996727167138e-74, NaN, -3.74930621650882e-74,  -3.68996727170329e-74, -1.02357115593579e+270, 2.7161601180956e-312,  0, 0), w = c(-1.00252054090247e+120, 1.04163998887936e-309, -9.68343704282591e+119,  2.22507386257134e-309, 3.25938962581783e-312, -8.03082519930786e+305,  -1.94946289004777, -3.1767491935272e-277, 2.45076435185496e+35,  2.4173705217461e+35, -2.20029393380268e+307, 3.64071709836053e+59,  NaN, 2.17795464744407e-306, 2.41737052002269e+35, 2.4173705217461e+35,  7.0790724774101e-304, -7.10002094917895e+139, 2.30583537716104e+272,  -2.41785164346794e+24, -1.34765550943381e+28, -1.34765550943381e+28,  -1.34765550943381e+28, -1.34765550976809e+28, -1.34765550943381e+28,  -1.34765550943381e+28, -1.34765550943381e+28, -1.34765550943381e+28,  -1.34746885051988e+28, -7.11987975173219e+297, 6.45186943324463e-257,  3.43094374641207e-223, 2.64617829791807e-260, 4.94065645841247e-323,  5.12816133943344e-23, 9.64181630293645e-311, 0, 6.40623275995629e-145,  2.61817189337236e+122, 2.61830011167902e+122, -5.55979028561737e+303,  7.05296610495431e-38, 7.11750304968475e-38, 7.11750304968475e-38,  7.11750304872683e-38, 7.11750304968475e-38, 7.11750304968475e-38,  7.11059277494722e-320, 0, 8.31389709443701e+222, -3.55291966624954e-74,  -3.69860344025838e-74, 1.90379774298297e+185, -0.125, -2.97367077571964e+284,  2.36466347491113e-308, 6.32404026676796e-322, 0, -6.97927559894218e+307,  NaN, -2.07087737591219e+289, -9.94530432121628e+119, -1.99996266084559,  2.42522003574093e-319, NaN, 1.25986739689518e-321, -36893488147419103232,  6.99388261182402e-317, 0, 4.34584735359085e-311, 8.08634925402793e-174,  NaN, -1.55439651594243e+305, NaN, 7.11750304968496e-38, 7.11750304968475e-38,  4.66006918691716e-315, 0), x = structure(4.45348144361158e-120, .Dim = c(1L,  1L)))
result <- do.call(RaceID:::applyProb,testlist)
str(result)