testlist <- list(v = c(NaN, NaN, -1.0739894647615e+306, 9.64023225340952e-311,  -8.30804926747924e+305, 6.39601785734456e-308, -9.25596313493178e+61,  -9.25596313493178e+61, -9.25596313493178e+61, -9.25596313493178e+61,  -9.25596313493178e+61, -9.25596313493178e+61, -9.25596313493178e+61,  -9.25596313493178e+61, 8.13316020107967e+220, 5.4323092248711e-310,  -6.69235413738316e-125, 2.46815371894011e-308, 1.16443471411093e-171,  1.37437423356986e-309, 0, 9.88131291682493e-324, 0, -6.69235413738316e-125,  3.8043054729776e-322, -1.20118852252218e-24, 7.29112200597577e-304,  0, NaN, 2.52467545024877e-321, -9.94645998535176e+86, 5.30498947741318e-315,  8.25666697229224e-317, 2.00000156459282, 0), w = c(-9.92433627316192e+119,  -1.77273161130373e-125, -0.000412464141674923, -6.1373954897879e-185,  4.98587334631986e-317, 3.472441130729e+72, 5.35024631159108e+59,  -1.71311916816908e-122, -2.35323263437235e-185, 2.4173705217461e+35,  3.43094374641207e-223, 2.64617829792593e-260, 8.20251275401231e-304,  5.12816368629538e-23, 2.06842847014055e+272, 9.31646697974494e+242,  1.09940816252153e+169, 5.25486528035228e+173, 8.53079365468145e+102,  9.45041721156476e+281, 1.54909342597064e-319, -2.24711625470005e+307,  -7.74045653122002e-121, -6.26575337767551e+118, 4.52120969772801e-305,  -7.8804012392789e+115, -6.45562488387846e+118, -0.124999990883995,  9.43665383556781e-322, -2.35794477622875e-185, -3.4987615347461e-186,  3.2593897606434e-312, -8.03082519930786e+305, -1.94946289004777,  -3.1767491935272e-277, 5.47573393005018e-267, 7.08107504731332e-304,  -1.68173066117982e-122, -2.35345497425248e-185, -2.35345567535212e-185,  2.06847119984531e+272, 3.23363236356604e+161, 1.73940526560413e-273,  7.12023635302857e-304, 1.05560778026209e+70, 6.80702318978307e+279,  3.96573944649364e-317, -1.99996266083326, NaN, -5.57670494225772e-189,  NaN, 3.78568021949377e-270, -3.68996727170621e-74, 3.26754215062937e-312,  1.33360288657597e+241, 3.47256969279958e+72, -1.65454976583483e-124,  6.60670833319823e-304, 2.41746040065929e+35, 2.4173705217461e+35,  2.4173705217461e+35, 2.41737052175091e+35, 2.06842847019584e+272,  2.06842847014058e+272, 1.61921272794789e+265, 1.9172102715593e+68,  -8.77780208858115e+304, 2.0917922563356e+272, 3.78576572855899e-270,  1.01522935857838e-314, NaN, -2.97369594613778e+284, -1.0024893295419e+120,  -1.98437499943024, -1.73963512862069e-122, -1.00252054090247e+120,  1.04163998887936e-309, 3.43184777203925e-307), x = structure(2.14229740579694e+161, .Dim = c(1L,  1L)))
result <- do.call(RaceID:::applyProb,testlist)
str(result)