testlist <- list(v = c(3.95252516672997e-323, 0, 1.90221346589404e-90, 6.24436688780613e-85,  -3.05250287055969e-05, -9.14795066046764e-20, -3.85865569146083e-05,  2.06830464999356e+272, NaN, 3.45795987724642e-223, 6.53867553445327e+286,  6.5386757613245e+286, -2.07087737215364e+289, -1.21716680745378e+304,  -1.67542397760151e-122, -1.55250624752765e+232, 1.3339066125166e+241,  NaN, 2.06842847014062e+272, 2.06845563142313e+272, -6.6772568913605e-05,  2.12199594147743e-312), w = c(-8.13685569400241e+307, 3.40065612515744e-223,  2.12199594147743e-312, -1.98437499943025, 3.43104886597883e-223,  NaN, -2.97369594613778e+284, -1.0024893295419e+120, -1.00252054090433e+120,  -1.50347686105915e-121, -8.33795762077961e+305, NaN, 9.61276526025074e+281,  NaN, 2.11254135027239e-314, 7.96411933987979e-317, 0, NaN, 2.068428470151e+272,  2.07538175847332e+272, 3.40085477357016e-223, 2.12199594147743e-312,  -1.98437499943025, -2.26190150139807e-272, 2.0684284701422e+272,  3.40085477321653e-223, 3.78612803463446e-270, 7.21122794960037e-304,  2.09712865229583e-314, -1.67533592010139e-122, 4.77830972678167e-299,  0, -0.124996185301825, 1.71334535360375e-122, -1.00252054090432e+120,  2.06842818210721e+272, NaN, 6.53867764058381e+286, 9.46135711785987e-321,  2.77448016505297e+180, 2.77448001762435e+180, 2.77194735431327e+180,  2.77448001762435e+180, 2.77448001762435e+180, 2.77448001762435e+180,  2.77448001762435e+180, 2.77448001762435e+180, 2.77448001762435e+180,  2.77448001762435e+180, 2.77448001762435e+180, 2.77448001762435e+180,  2.15162051651561e-312, 6.53587858514994e+286, 6.42436133648614e+286,  7.30248079685974e+271, 2.06842847014058e+272, 8.90029834508693e-307,  2.41869836921582e-319, 0, 1.90221346589404e-90, 6.24436688780613e-85,  -1.18210979365838e-125, -2.35343736853318e-185, -2.35343736854388e-185,  -2.22250563469714e+307, 1.17224758929229e-170, -4.53801546776667e+279,  9.19864857806832e+58, 8.65249656531758e+247, -3.16852461718681e-277,  -1.65435050235614e-124, 1.37437423356986e-309, 6.22916841519112e-124,  1.37911111580455e-314, 2.52961610670718e-321, 0, -4.84014898293011e-122,  NaN), x = structure(c(9.04274497843515e+271, 2.77448001762435e+180,  2.77194735431327e+180, 2.77448001762435e+180, 2.77448001762435e+180,  2.77448001762435e+180, 2.77448001762435e+180, 2.77448001762435e+180,  2.77448001762435e+180, 2.77448001762435e+180, 2.77448001762435e+180,  2.77448001762435e+180, 2.72311959209271e+180, 4.18836614147731e-306,  6.42436133742776e+286, 5.4111718340116e-312, 3.95252516672997e-323,  3.70252507347967e-305, 0, 5.43230922486616e-312, 1.38523885234213e-309,  8.28904556439245e-317, 2.63554917162565e-82, 0, 1.38967382354556e-309,  0, 2.59032689326815e-318, 0, 1.39128885868895e-319, 1.61189384548152e-306,  2.12199586653261e-312, 1.54352995220284e-307, 2.06842847014601e+272,  2.08094712985641e-306, 5.13450830320973e-169, 0, 2.781342323134e-309,  0, 8.25679295903193e-317, 3.22635709483544e-307, 130943.95458984,  5.4323092248711e-312, 3.23785921002061e-319, 8.25666697229224e-317,  0, 9.97338021437476e-313, 0, 8.28310146060733e-317), .Dim = c(6L,  8L)))
result <- do.call(RaceID:::applyProb,testlist)
str(result)