testlist <- list(v = c(9.61212832922035e+281, 6.02760087926321e-322, -1.98437499943025,  -1.73963512862069e-122, -9.92433627316192e+119, 4.52120969771506e-305,  -7.8804012392789e+115, 5.97288733297412e-301, 8.34403744209363e-310,  3.77384487429087e+242, -0.124023428264362, -9.14795066046764e-20,  -5.82364928062181e+303, 2.36466504127952e-308, 6.32404026676796e-322,  0, -6.97927559894218e+307, NaN, -9.94530432121664e+119, -1.99996266084559,  2.42522003574093e-319, -4.07287090387863e-185, -4.08806320202215e-185,  4.70457237382584e+83, -6.83495195235578e+307, 8.39780591474288e+217,  -0.00855736825980389, 2.41737052175387e+35, 2.4173705217461e+35,  7.0790724774101e-304, -7.10002094917895e+139, 2.30583537716104e+272,  1.03845937352747e+34, 2.4173705217461e+35, -2.20029393380268e+307,  3.64071709836053e+59, NaN, 2.17795464744407e-306, -7.90001865906291e+305,  5.20521943127608e+223, 3623.49804689728, -5.60266107475608e+303,  -8.13685300605216e+307, 1.71334535360375e-122, 7.2875544298805e-304,  1.36894200464386e-309, -1.2717244995362e+294, 7.74548877006273e+120,  2.61830011167902e+122, 2.61830011167902e+122, NaN, 9.61276249046591e+281,  NaN, -5.48612927745852e+303, -2.6105962596279e+304, -6.69235256424527e-125,  -1.70938627491396e-122, -2.35343736826454e-185, -1.08442118683594e+222,  -8.22918608281788e+303, 2.46830497355186e-308, -2.24711563585799e+307,  -1.68173066117987e-122, -2.35345497425248e-185, -2.35345567535212e-185,  -2.79509961696228e-124, -1.08564250904568e+77, 3.9687952527848e-312,  NaN), w = NaN, x = structure(c(1.12449332721516e-309, 4.45348144361176e-120,  1.06718179501709e-321, 4.61787617616481e-120, 8.36881337494113e+185,  4.62787595336228e+122, 1.86541710755392e+69, 7.74671281823773e-121,  4.73819448433056e-85, 1.37300729836684e+300, 1.41118225475063e+277,  3.7857669957382e-270, 1.03774380542189e-309, 2.61830089972037e+122,  1.90359850014882e+185, 1.90359856625785e+185, 2.06842882581712e+272,  2.59104923257498e+161, 4.49080531893635e-273, 8.90029701883956e-307,  2.29677716055871e+69, 9.61275984016214e+281, 4.6014855105833e-312,  2.03137384355068, 5.64077866895733e-307, 8.05949703916916e+188,  5.54844093031519e-304, 8.01471349365432e-274, 1.10966224560423e+74,  0, 8.55033363673726e+245, 2.29677716055873e+69, 2.61830011475736e+122,  1.90370531457738e+185, 2.4173705217461e+35, 2.4173705217461e+35,  2.43805857954182e+35, 2.41745322351981e+35, 2.06842847014058e+272,  2.06842847152994e+272, 1.12514037018884e+267, 7.88188160159218e+67 ), .Dim = 6:7))
result <- do.call(RaceID:::applyProb,testlist)
str(result)