testlist <- list(v = c(-4.08806320202215e-185, 4.70457237382584e+83, -6.83495195235578e+307,  8.39780591474288e+217, -0.00855736825980389, 2.41737052175387e+35,  2.4173705217461e+35, 7.0790724774101e-304, -7.10002094917895e+139,  2.30583537716104e+272, 1.03845937352747e+34, 2.4173705217461e+35,  -2.20029393380268e+307, 3.64071709836053e+59, NA, -3.6899672717171e-74,  -5.82365289114642e+303, 2.36466504127952e-308, 6.32404026676796e-322,  0, -6.97927559894218e+307, 6.53867576863706e+286, 2.45192095642387e-306,  -1.99981693445416, 5.74696665176892e-318, 2.46789816407446e-308,  4.09683848636573e+245, -0.124023378880619, 2.46830497355173e-308,  -1.23437268348699e+304, 5.9617961059919e-310, -1.73963512863091e-122,  -9.92433627316192e+119, 1.04163993869177e-309, -9.68343704282591e+119,  -9.68147977726149e-123, -7.90001867475886e+305, 8.67840552883787e+102,  8.65249656531775e+247, -3.17678814124625e-277, 3.53524503568931e-312,  1.71324225351201e-122, 2.41750096546467e+35, NaN, NaN, NaN, NaN,  NaN, NaN, NaN, NaN, NaN, 2.41737166511723e+35, 2.4173705217461e+35,  8.69169477566512e-312, 1.33360364967062e+241, 3.47256969279958e+72,  2.4173705217461e+35, 6.92308421076402e+285, 2.06842847014058e+272,  2.06842847014058e+272, 2.06842846811895e+272, NaN, 6.53867576866627e+286,  -1.07398947259936e+306, 1.94906280228e+289, 5.58698493989959e+286,  6.53867576132537e+286, 5.34906223546799e+286, 2.41737052174614e+35,  2.4173705217461e+35, 2.4173705217461e+35, 2.4173705217461e+35,  2.4173705217461e+35, 2.30675793017823e+272, 1.63100339038265e-65,  2.41737052175098e+35, 6.53848623956252e+286, 5.34906223548487e+286,  2.41737052174614e+35, 0), w = c(1.06306387231586e+224, -8.79988256292852e+304,  3.76633449328534e-313, -3.05923761105831e-05, 6.953377027793e-309,  -1.64552855078844e+289, -7.61535618534756e+286, 1.35541299635807e+287,  2.38856982322401e+35, 2.4173705217461e+35, 2.4173705217461e+35,  2.4173705217461e+35, 2.4173705217461e+35, 2.06842848428708e+272,  2.06842847014058e+272, 2.46815371894011e-308, 1.16443471411093e-171,  2.00020873089753, 4.22371477957865e+273, NaN, 9.61276249046591e+281,  NaN, 2.4173705217461e+35, -0.124996185302078, -1.71324177561803e-122,  -2.35343736853318e-185, 2.46830497355181e-308, 1.61891833436563e+265,  -5.48612443153759e+303, 5.99981191178551e-310, -0.125, -8.7778020885815e+304,  2.0917922563356e+272, 3.78576572855899e-270, 1.01522935857838e-314,  NaN, 3.23469718988723e-319, 0, 0, 0, 0, 0, 0, 0, 0, 0, 0, 0,  0, 0, 0, 0, 0, 0, 0, 0, 0, 0, 0, 0, 0, 0, 0, 0, 0, 0, 0, 0, 0,  0, 0, 0, 0, 0, 0, 0, 0, 0, 0, 0, 0, 0, 0, 0, 0), x = structure(c(1.97626258336499e-323,  7.2911220195564e-304, 2.12199578207209e-314, 1.08646184497422e-311,  1.29516344663408e-318, 5.05923221341436e-321, 0, 7.09776188916813e-304,  5.4143346721003e-312, 1.7801681635544e-307, 1.37431416751072e-284,  4.48309463848401e-120), .Dim = c(6L, 2L)))
result <- do.call(RaceID:::applyProb,testlist)
str(result)