testlist <- list(v = c(2.06842847014054e+272, 2.06842857623934e+272, 1.68343451559411e+212,  NaN, -2.97369594613778e+284, -6.56991407008577e+124, 2.10541326757358e-314,  -1.11717512638398e+119, NaN, 6.20865765803513e-317, -9.3326617501062e-122,  -1.65454977394257e-124, 9.64181630293645e-311, NaN, -1.34765551027296e+28,  -1.34765539461546e+28, -1.34765550943381e+28, -1.34765550943381e+28,  -1.34765550943381e+28, -1.34765550937616e+28, -1.34765550943381e+28,  -1.34765550943381e+28, -1.34765550943381e+28, 3.47383042469747e-294,  5.77797825516678e-275, NaN, -1.34765550943382e+28, -1.34765550943381e+28,  -1.34765550943381e+28, -1.34765550943381e+28, -1.34765550943381e+28,  -1.34765550943381e+28, -1.34765550943381e+28, -1.34765550943381e+28,  -2.43896802504138e+24, -1.34765550943381e+28, 2.06842847014652e+272,  -1.9999999999923, 1.27004131750814e-272, 2.97403381695557e+284,  2.7744800176266e+180, 2.77448001762435e+180, 2.77447997897897e+180,  2.77448001762435e+180, 0.124999964003469, 2.06842847014058e+272,  NaN, 2.62029033199426e-312, 0, 5.5869831887595e+286, 6.53867576132537e+286,  1.89463448486069e+285, 2.4173705217461e+35, 0, 3.54438021329823e+267,  6.53867576132537e+286, 2.28314464164578e+36, 2.4173705217461e+35,  3.15617137175879e+267, 2.06842847014058e+272, 2.06842846902425e+272,  5.94498296913643e-310, -0.00041198739563697, -1.70938627491396e-122,  -2.2357048664111e+266, -4.27210481672251e+304, 1.69759581356197e-313,  3.472441130729e+72, 6.01167456252699e+175, -2.20029470278414e+307,  NaN, 1.40405519897505e-304, 8.22652235925457e+62), w = c(NaN,  -1.34765550943709e+28), x = structure(c(NA, 8.26320724610287e+121,  7.29111865152468e-304, 1.8079827410872e-307, 5.7955931616849e-305,  4.62739178153173e+122, 4.62739178153174e+122, 1.0929521538785e+185,  8.13483097671497e-272, 3.78576699396388e-270, 8.44255056671979e-227,  3.5285221221682e-304, 4.44778245441518e-305, 6.4903476690891e+286,  2.06842847013211e+272, 3.49031250073461e-310, 2.1303173425907e-313,  63487.9999995231, 3.46888893828936e-304, 2.06842915296612e+272,  4.41377196814406e-312, 5.5325550422339e-222, 6.53495821905417e+286,  6.53867402436636e+286, -Inf, 1.70447452905271e+289, 2.56734752865526e-289,  2.56734752865526e-289, 2.56734753616558e-289, 2.56734753249091e-289,  3.24956872149096e+284, 2.4173705217461e+35, 2.4173705217461e+35,  3.49025927509125e-310, 2.4173705217461e+35, 2.4173705217461e+35,  5.82210855460478e+286, 2.06842847014058e+272, 1.63417038113394e+270,  7.22952667423063e+221, 97728.0479367724, 2.66994518712733e+122,  2.06842847014058e+272, 3.15613580784441e+267, 3.49031249894531e-310,  2.06842882550213e+272, 1.42312624559224e-284, 2.61830011167902e+122,  2.61830011169468e+122, NaN, 9.61276249046606e+281, 9.61214494792924e+281,  4.72350663813186e-140, 3.64071899925998e+59, 9.61276249046606e+281,  -Inf, 4.77830972652897e-299, 0, 0, 3.49025867697973e-310), .Dim = c(6L,  10L)))
result <- do.call(RaceID:::applyProb,testlist)
str(result)