testlist <- list(height = NULL, type = NULL, width = NULL, id = c(1855539633L,  -1027667457L, -1245444838L, 1601933795L, -1073735809L, 455409664L,  0L, 0L, 0L, 0L, 0L, 0L, 0L, 0L, 0L, 0L, 0L, 0L, 0L, 0L, 0L, 0L,  0L, 0L, 0L, 0L, 0L, 0L, 0L, 0L, 0L, 0L, 0L, 0L, 0L, 0L, 0L, 0L,  0L, 0L, 0L, 0L, 0L, 0L, 0L, 0L, 0L, 0L, 0L, 0L, 0L, 0L, 0L, 0L,  0L, 0L, 0L, 0L, 0L, 0L, 0L, 0L, 0L, 0L, 0L, 0L, 0L, 0L, 0L, 0L,  0L), height = NULL, type = NULL, width = NULL, x = c(1.67213268328063e-311,  1.71126955991348e+82, 6.58247769025659e+81, -5.6254682103025e+305,  -2.11793155341162e+32, -1.57253321652894e-64, 4.1370328237959e-13,  1.04701634891362e-72, -2.043998198098e-142, 1.55480212918226e-154,  -1.90673981622148e+182, 3.39216061628918e+273, -2.38954425362885e-136,  -8.84220130263217e-171, 5.61603043938713e-297, 7.57902001487832e+52,  3.59610430191178e+216, -8.1339119263734e+43, 3.7001003245814e+188,  1.45368834925804e+246, -3.29782611009448e-250, 1.06489684314566e-307,  -2.26068562386281e-07, -6.2906206086199e-47, -1.88146413081917e+280,  -3.55711689013287e+102, 5.17095127284043e-26, -6.57411267331199e+258,  -3.94790802098242e+295, -1.07596903206621e-215, -5.41079945123008e+225,  4.17518956196286e-130, 8.30706628899785e+190, 1.26120483285984e+104,  -1.1405200707234e+294, -1.40047236649934e-60, 4.17314478234834e-55,  3.86669898095918e-15, 7.67882689197323e-304, -1.84830500164404e-243,  618033638.833978, 0.00253391400781695, 2.77010693464432e+111,  2.47758989953461e-55, 3.77435988103654e-179, 3.44014740379842e+222,  -1.10660864543255e+282, -5.19398033139678e+120, 1.97454690386542e-175,  -5.63851177741501e-52, 1.35075224225686e-304, 1.30072261244233e+212,  -9.31280461996364e-268, 2.14002594195844e+21, -7.69679894851765e+113 ), y = c(-6.90891194980469e-117, 4.10292802646274e+284, 5.18666283555944e+278,  -8.80357928900209e-155, 7.43517413718565e+62, 5.84605091066981e-304,  -4.78903088303891e+239, -2.61686727766491e+129, -5.2005891282764e-123,  2.48477285870088e-305, 1.8599551633914e-308, -5.31048573791289e+95,  -122104280218616, 1.85203004272407e+90, -4.67772630724256e-100,  8.92807310960922e+114, 5.94355721877449e-224, 2.68386208814124e-56,  -2.0696754100486e+202, 1.07304763376357e-41, 3.88921190184872e-94,  -4.46334918432507e+104, -1.63486163673651e-149, 15733590.3896747,  5.76215166534232e-158, 9.43012863998945e-13, 8.54853460479006e-54,  -0.0817984129049231, -3.6819959524032e+217, 5.13450178223034e+241,  4.25341761535142e+214, 2.29131236125346e+130, -5.23791070460621e+141,  5.66399960175314e+248, 4.61073420796617e+199, 4.65991253662713e+80,  -1.67982375341217e-131, -1.45990611418247e-150), end_height = numeric(0),      end_type = character(0), end_width = numeric(0), start_height = numeric(0),      start_type = character(0), start_width = numeric(0))
result <- do.call(ggraph:::cut_lines,testlist)
str(result)