testlist <- list(height = NULL, type = NULL, width = NULL, id = c(700846598L,  2036787823L, -2100763918L, -1627365331L, -2045580292L, 1287990500L,  -463427335L, 11495884L, 2077975218L, -245497834L, 1772893134L,  -634326846L, 2076672139L, -1500818530L, -287608143L, 95459L,  786456333L, 11191979L, -1429876017L, -739508770L, -1889025061L,  -1029890130L, 1123948461L, 1387722985L, 604028563L, -507290032L,  -1422043036L, -691076915L, 1469465495L, -991292778L, 287430855L,  117444453L, 879592594L, 1697638128L, -383134829L, 394717549L,  938296939L, 1339618697L, 740794567L, -1762596696L, -714584694L,  -570900214L, -1593100424L, -865467794L, 1103077243L, 484134985L,  529466065L, 1573909398L, 1883109580L, 1420787763L, -365635435L,  1252310512L, -1262494565L, -237190989L, 451794797L, -1272250163L,  510812684L, 1122509462L, 2137844908L, -458612601L, 6004873L,  -940865923L, 1541241638L, 1150713664L, -1804388781L, -129335482L,  1667863989L, -703741328L, -1353705284L, 1694879448L, -945546517L,  1929546013L, -744463489L, -1242534247L, 1236353702L, -2133084028L,  2136130239L, 167753156L, 85614459L, -1847345152L, 394205989L,  0L), height = NULL, type = NULL, width = NULL, x = c(1.67213268328063e-311,  1.71126955991348e+82, 6.58247769025659e+81, 1.55625896456587e+84,  3.45526917484839e-216, -1.16034891940466e+166, -8.34652063214865e-234,  7.67054978703403e-171, -5.56416180423783e-187, -5.9129285812653e+234,  -3.48136722022122e-90, -2.05131208191565e+278, 1.11947406770002e-207,  1.37243612907718e-23, 3.18016033891633e-203, 1.72652385158988e+164,  1.20840171939961e+88, -1.47141602799981e+140, 5.49941237646697e-88,  1697318272940.57, -5.26399310292767e-170), y = c(1.85498385200052e+114,  -1.99535283571691e+289, -4.66204350148904e-205, 4.6350930851646e+198,  1.45352862143136e-304, 5.65796064971195e+141, -1.98192720845065e+194,  -6.36784515054613e-95, 6.071716523423e-18, -3.40559861516134e-281,  -1.63504834885405e-130, 2.05849711914556e-117, -2.35844810183474e-219,  5.38510339127839e-304, 2.92447806855797e+265, 3.94462719485031e+202,  -3.95985742637654e+124, 5.83607203670553e-12, 3.20421995381822e+208,  -8978793556.15711, 7.41826307658237e+221, 1.37470680292201e+62,  -1.83760591332318e-213, 1.00418221318228e-266, 8.23897130492026e+285,  4.70864960845602e-196, 2.42646855297153e-303, 7.86163821945519e-305,  -1.06590622574339e-45, -1.28650916001688e-27, -0.384001675179831,  2.97045521963466e-305, 3.76415227783403e-305, 1.74479531409185e+178,  -1.70798599233063e+84), end_height = numeric(0), end_type = character(0),      end_width = numeric(0), start_height = numeric(0), start_type = character(0),      start_width = numeric(0))
result <- do.call(ggraph:::cut_lines,testlist)
str(result)