testlist <- list(height = NULL, type = NULL, width = NULL, id = c(1327938256L,  1620457582L, -16738805L, 1548336952L, 1502255549L, -1923351896L,  -2143140766L, 1503433734L, 10134276L, 11641010L, 1958350138L,  553693722L, -1123192113L, 1484299130L, -1520235080L, 16690504L,  -2133485039L, 337072218L, -1283637155L, -1402535748L, -619886777L,  -793880576L, 219181726L, -1820030375L, 124742979L, -381503731L,  1276571648L, -1765576462L, -676247289L, 1766737341L, 1703225995L,  -550218472L, -1100042286L, -1117523890L, 1003469044L, -685178120L,  -800390035L, -82777725L, -1947892605L, 1717366853L, 609876862L,  1675721622L, 1009789209L, 1728703232L, -131816748L, -798817056L,  1878007150L, 279220317L, -179267101L, 2055293050L, 1610599690L,  1895833745L, -1687249156L, 1560996758L, -1144649902L, -765071680L,  1289547816L, -820647926L, 2132087926L, 880780954L, 125779436L,  -1904618920L, -1243462046L, -691518063L, -14224991L, 311881721L,  1098660047L, -407439717L, -1311211539L, -1010394564L, -583933313L,  372124470L, -666118146L, -458302833L, -946206304L, -804461056L,  -1652656413L, 0L, 0L, 0L), height = NULL, type = NULL, width = NULL,      x = c(1.68910864960836e-311, -9.53574224740671e-227, -2.40852477247481e-185,      1.55682879672423e+285, -5.4583717947127e+116, -1.69737689524934e+138,      2.0355696013372e-306, 186279008893867584, 5.76767902996842e+250,      -1.10592483240919e-256, 6.73320630093054e+229, -4051735919.91589,      -8.13698782985857e-260, -7.30512026778002e-193, 1.93716078743773e-07,      -4.98406891606524e+145, 1.37218500060403e-33, -7.47035028154679e-234,      1.4272235096804e-121, -4.02644199582167e+213, -1.13264266368554e+78     ), y = c(-4.64068684735114e-290, 2.81232243921234e+202, 1.51210005429626e-80,      2.57809132592803e-307, -1.09786130772107e-188, -1.77199557360925e-283,      -8.50862071899186e-296, 3.08370790638136e+212, -1.0728608404787e-237,      -9.75367770803557e+157, -1.07733906018315e-235, -1.70370116884748e+189,      1.56523576075365e-241, 2.59107598564417e-77, 1.04943173303052e-219,      -1.03847987070326e-173, 4.43616524233199e-151, -1.486314132048e+224,      -3.2636766914385e-83, -9.29361896203599e+25, -7.07564183788594e-72,      -1.46691660384599e-242, -1.09720698339427e+43, 2.69028539074347e-42,      -2.52587136641371e-265, 1.20181928879542e-304, 1.92551972066892e-184,      1.0827635009743e+234, 8.312138296181e+217, 7.16872253026495e+190,      2.55693249904719e-169, -3.24550968488439e-294, 1.9829485339179e-305,      -8.21802109554699e-287, -5.39746644129788e-169, -1.5444888008619e+152,      1.4638944704671e+77, 1.77805014316776e-158), end_height = numeric(0),      end_type = character(0), end_width = numeric(0), start_height = numeric(0),      start_type = character(0), start_width = numeric(0))
result <- do.call(ggraph:::cut_lines,testlist)
str(result)