testlist <- list(height = NULL, type = NULL, width = NULL, id = c(302414809L,  1353399640L, 1691799296L, -839477693L, -335786811L, 753198176L,  -1460076369L, 1775008731L, -129L, 1468844L, 869198189L, 923682411L,  1327997127L, -1762596863L, 11191979L, -1429876017L, -739508770L,  -1889025025L, -8388690L, 1123948461L, 1387722985L, 604028563L,  -507290032L, -1422043036L, -691076915L, 1469465495L, -991292778L,  295893504L, 16439745L, -502985376L, 632035840L, 1794194588L,  -1066081436L, -419430137L, 1847711943L, 117444453L, -452041420L,  1837404773L, 803664105L, 701731607L, -2031522505L, -314152113L,  -654997192L, 664848128L, -253187883L, 1749912285L, -121566559L,  188184780L, 1778544193L, -1080067300L, -615495393L, -1895640739L,  -806119824L, 1039715412L, 2071690107L, 2071690107L, 2071690107L,  2071690107L, 2071690107L, 2071690107L, 2071690107L, 2071690107L,  -400386433L, 1827443428L, -1440708864L, 1537247687L, -343507614L,  -579097428L, -1770045292L, 1932940280L, 1249855075L, 1771419094L,  230846639L, 1343798373L, 97437895L, -1541739661L, 42540499L,  -1604091979L, 7248231L, -1455249792L, -608664449L, 1388494601L,  -4865019L, 442458257L, -473956329L, 2132485376L, 0L), height = NULL,      type = NULL, width = NULL, x = c(-1.31394953305841e+141,      -5.17376569976245e+233, -2.98072776144737e+48, -2.84616131335859e-135,      1.28372286704536e+149, -1434975.19136961, 1.5029472131461e+144,      2.78624852066221e-131, 7.81374611566129e-306, -1.49438748017743e-195,      -2.15386577119784e+236, -2.70924608701038e+290, 4.33499316020654e+59,      -2.74901219878461e-47, -7.33123193358533e-304, -5.11808683723377e-63,      3.71007635317321e+220, 35.1104873468226, 6.66725697336812e+297,      3.05635211428873e-180, 4.14181866411674e+160), y = c(-1.30087800295478e+141,      1.10639270265765e+74, -1.35229084387275e+202, -4.51378883030906e-39,      -1.29371392814336e+34, 3.61320386554056e+98, -1.04922354188641e+71,      5.18189662910868e-116, 1.05621596021687e-131, -1724778499.86929,      1.16895529040142e-128, -8.1039260049276e-41, 1.03941422406596e+222,      3.86945565336452e+76, -1.83760591332318e-213, -6.45091891955521e-34,      3.73346557987699e-299, -3.14282002562222e-307, -5.34432488621763e-156,      -1.81279845973114e-181, 3.30205087139103e+112, 5.4862339575029e+303,      1.68175698851509e-222, -5.34432111885417e-156, -1.81279845973114e-181,      3.30205087139103e+112, 1.23439989322042e+304, -3.87544795498936e-103,      -3.11911418336415e-232, 1.31493123835487e+212, -9.31280461996364e-268,      2.14002594195844e+21, -7.69679894851765e+113, -1.13481735371343e-177,      2.12243100113409e+191), end_height = numeric(0), end_type = character(0),      end_width = numeric(0), start_height = numeric(0), start_type = character(0),      start_width = numeric(0))
result <- do.call(ggraph:::cut_lines,testlist)
str(result)